,date,county,state,fips,cases,deaths,COUNTY,STNAME,CTYNAME,POPESTIMATE2019,cases_per_100k,deaths_per_100k,death_rate,new_cases,new_cases_per_100k,new_deaths,new_cases_per_100k_ra,new_deaths_ra,active_cases,infected_to_one
467376,2020-03-26,Oceana,Michigan,26127.0,1,0.0,127,Michigan,Oceana,26467,3.778289945970454,0.0,0.0,,,,,,,
467377,2020-03-27,Oceana,Michigan,26127.0,1,0.0,127,Michigan,Oceana,26467,3.778289945970454,0.0,0.0,0.0,0.0,0.0,,,,
467378,2020-03-28,Oceana,Michigan,26127.0,1,0.0,127,Michigan,Oceana,26467,3.778289945970454,0.0,0.0,0.0,0.0,0.0,,,,
467379,2020-03-29,Oceana,Michigan,26127.0,2,0.0,127,Michigan,Oceana,26467,7.556579891940908,0.0,0.0,1.0,3.778289945970454,0.0,,,,
467380,2020-03-30,Oceana,Michigan,26127.0,2,0.0,127,Michigan,Oceana,26467,7.556579891940908,0.0,0.0,0.0,0.0,0.0,,,,
467381,2020-03-31,Oceana,Michigan,26127.0,2,0.0,127,Michigan,Oceana,26467,7.556579891940908,0.0,0.0,0.0,0.0,0.0,,,,
467382,2020-04-01,Oceana,Michigan,26127.0,2,0.0,127,Michigan,Oceana,26467,7.556579891940908,0.0,0.0,0.0,0.0,0.0,,,,
467383,2020-04-02,Oceana,Michigan,26127.0,2,0.0,127,Michigan,Oceana,26467,7.556579891940908,0.0,0.0,0.0,0.0,0.0,0.5397557065672077,0.0,,
467384,2020-04-03,Oceana,Michigan,26127.0,3,0.0,127,Michigan,Oceana,26467,11.334869837911361,0.0,0.0,1.0,3.778289945970453,0.0,1.0795114131344152,0.0,2.0,3308.375
467385,2020-04-04,Oceana,Michigan,26127.0,3,0.0,127,Michigan,Oceana,26467,11.334869837911361,0.0,0.0,0.0,0.0,0.0,1.0795114131344152,0.0,2.0,3308.375
467386,2020-04-05,Oceana,Michigan,26127.0,3,0.0,127,Michigan,Oceana,26467,11.334869837911361,0.0,0.0,0.0,0.0,0.0,0.5397557065672076,0.0,2.0,3308.375
467387,2020-04-06,Oceana,Michigan,26127.0,3,0.0,127,Michigan,Oceana,26467,11.334869837911361,0.0,0.0,0.0,0.0,0.0,0.5397557065672076,0.0,1.0,6616.75
467388,2020-04-07,Oceana,Michigan,26127.0,3,1.0,127,Michigan,Oceana,26467,11.334869837911361,3.778289945970454,0.3333333333333333,0.0,0.0,3.778289945970454,0.5397557065672076,0.5397557065672077,1.0,6616.75
467389,2020-04-08,Oceana,Michigan,26127.0,3,1.0,127,Michigan,Oceana,26467,11.334869837911361,3.778289945970454,0.3333333333333333,0.0,0.0,0.0,0.5397557065672076,0.5397557065672077,1.0,6616.75
467390,2020-04-09,Oceana,Michigan,26127.0,3,1.0,127,Michigan,Oceana,26467,11.334869837911361,3.778289945970454,0.3333333333333333,0.0,0.0,0.0,0.5397557065672076,0.5397557065672077,1.0,6616.75
467391,2020-04-10,Oceana,Michigan,26127.0,3,1.0,127,Michigan,Oceana,26467,11.334869837911361,3.778289945970454,0.3333333333333333,0.0,0.0,0.0,0.0,0.5397557065672077,1.0,6616.75
467392,2020-04-11,Oceana,Michigan,26127.0,3,1.0,127,Michigan,Oceana,26467,11.334869837911361,3.778289945970454,0.3333333333333333,0.0,0.0,0.0,0.0,0.5397557065672077,0.0,inf
467393,2020-04-12,Oceana,Michigan,26127.0,3,1.0,127,Michigan,Oceana,26467,11.334869837911361,3.778289945970454,0.3333333333333333,0.0,0.0,0.0,0.0,0.5397557065672077,0.0,inf
467394,2020-04-13,Oceana,Michigan,26127.0,3,1.0,127,Michigan,Oceana,26467,11.334869837911361,3.778289945970454,0.3333333333333333,0.0,0.0,0.0,0.0,0.5397557065672077,0.0,inf
467395,2020-04-14,Oceana,Michigan,26127.0,3,1.0,127,Michigan,Oceana,26467,11.334869837911361,3.778289945970454,0.3333333333333333,0.0,0.0,0.0,0.0,0.0,0.0,inf
467396,2020-04-15,Oceana,Michigan,26127.0,3,1.0,127,Michigan,Oceana,26467,11.334869837911361,3.778289945970454,0.3333333333333333,0.0,0.0,0.0,0.0,0.0,0.0,inf
467397,2020-04-16,Oceana,Michigan,26127.0,3,1.0,127,Michigan,Oceana,26467,11.334869837911361,3.778289945970454,0.3333333333333333,0.0,0.0,0.0,0.0,0.0,0.0,inf
467398,2020-04-17,Oceana,Michigan,26127.0,4,1.0,127,Michigan,Oceana,26467,15.113159783881816,3.778289945970454,0.25,1.0,3.778289945970455,0.0,0.5397557065672078,0.0,1.0,6616.75
467399,2020-04-18,Oceana,Michigan,26127.0,3,1.0,127,Michigan,Oceana,26467,11.334869837911361,3.778289945970454,0.3333333333333333,-1.0,-3.778289945970455,0.0,0.0,0.0,0.0,inf
467400,2020-04-19,Oceana,Michigan,26127.0,3,1.0,127,Michigan,Oceana,26467,11.334869837911361,3.778289945970454,0.3333333333333333,0.0,0.0,0.0,0.0,0.0,0.0,inf
467401,2020-04-20,Oceana,Michigan,26127.0,3,1.0,127,Michigan,Oceana,26467,11.334869837911361,3.778289945970454,0.3333333333333333,0.0,0.0,0.0,0.0,0.0,0.0,inf
467402,2020-04-21,Oceana,Michigan,26127.0,4,1.0,127,Michigan,Oceana,26467,15.113159783881816,3.778289945970454,0.25,1.0,3.778289945970455,0.0,0.5397557065672078,0.0,1.0,6616.75
467403,2020-04-22,Oceana,Michigan,26127.0,4,1.0,127,Michigan,Oceana,26467,15.113159783881816,3.778289945970454,0.25,0.0,0.0,0.0,0.5397557065672078,0.0,1.0,6616.75
467404,2020-04-23,Oceana,Michigan,26127.0,4,1.0,127,Michigan,Oceana,26467,15.113159783881816,3.778289945970454,0.25,0.0,0.0,0.0,0.5397557065672078,0.0,1.0,6616.75
467405,2020-04-24,Oceana,Michigan,26127.0,4,1.0,127,Michigan,Oceana,26467,15.113159783881816,3.778289945970454,0.25,0.0,0.0,0.0,0.0,0.0,1.0,6616.75
467406,2020-04-25,Oceana,Michigan,26127.0,4,1.0,127,Michigan,Oceana,26467,15.113159783881816,3.778289945970454,0.25,0.0,0.0,0.0,0.5397557065672078,0.0,0.0,inf
467407,2020-04-26,Oceana,Michigan,26127.0,5,1.0,127,Michigan,Oceana,26467,18.89144972985227,3.778289945970454,0.2,1.0,3.778289945970453,0.0,1.0795114131344155,0.0,2.0,3308.375
467408,2020-04-27,Oceana,Michigan,26127.0,7,1.0,127,Michigan,Oceana,26467,26.44802962179318,3.778289945970454,0.14285714285714285,2.0,7.55657989194091,0.0,2.159022826268831,0.0,4.0,1654.1875
467409,2020-04-28,Oceana,Michigan,26127.0,8,1.0,127,Michigan,Oceana,26467,30.226319567763632,3.778289945970454,0.125,1.0,3.778289945970453,0.0,2.1590228262688305,0.0,5.0,1323.35
467410,2020-04-29,Oceana,Michigan,26127.0,9,1.0,127,Michigan,Oceana,26467,34.00460951373409,3.778289945970454,0.1111111111111111,1.0,3.7782899459704566,0.0,2.6987785328360383,0.0,5.0,1323.35
467411,2020-04-30,Oceana,Michigan,26127.0,9,1.0,127,Michigan,Oceana,26467,34.00460951373409,3.778289945970454,0.1111111111111111,0.0,0.0,0.0,2.6987785328360383,0.0,5.0,1323.35
467412,2020-05-01,Oceana,Michigan,26127.0,11,1.0,127,Michigan,Oceana,26467,41.561189405674995,3.778289945970454,0.09090909090909091,2.0,7.556579891940906,0.0,3.7782899459704535,0.0,7.0,945.2499999999999
467413,2020-05-02,Oceana,Michigan,26127.0,14,1.0,127,Michigan,Oceana,26467,52.89605924358636,3.778289945970454,0.07142857142857142,3.0,11.334869837911363,0.0,5.397557065672077,0.0,10.0,661.675
467414,2020-05-03,Oceana,Michigan,26127.0,16,1.0,127,Michigan,Oceana,26467,60.452639135527264,3.778289945970454,0.0625,2.0,7.556579891940906,0.0,5.937312772239285,0.0,12.0,551.3958333333334
467415,2020-05-04,Oceana,Michigan,26127.0,19,1.0,127,Michigan,Oceana,26467,71.78750897343862,3.778289945970454,0.05263157894736842,3.0,11.334869837911356,0.0,6.477068478806491,0.0,14.0,472.62499999999994
467416,2020-05-05,Oceana,Michigan,26127.0,21,1.0,127,Michigan,Oceana,26467,79.34408886537953,3.778289945970454,0.047619047619047616,2.0,7.556579891940913,0.0,7.016824185373699,0.0,14.0,472.62499999999994
467417,2020-05-06,Oceana,Michigan,26127.0,22,1.0,127,Michigan,Oceana,26467,83.12237881134999,3.778289945970454,0.045454545454545456,1.0,3.7782899459704566,0.0,7.016824185373699,0.0,14.0,472.62499999999994
467418,2020-05-07,Oceana,Michigan,26127.0,23,1.0,127,Michigan,Oceana,26467,86.90066875732045,3.778289945970454,0.043478260869565216,1.0,3.7782899459704566,0.0,7.556579891940907,0.0,14.0,472.62499999999994
467419,2020-05-08,Oceana,Michigan,26127.0,24,1.0,127,Michigan,Oceana,26467,90.67895870329089,3.778289945970454,0.041666666666666664,1.0,3.7782899459704424,0.0,7.016824185373698,0.0,15.0,441.1166666666667
467420,2020-05-09,Oceana,Michigan,26127.0,25,1.0,127,Michigan,Oceana,26467,94.45724864926135,3.778289945970454,0.04,1.0,3.7782899459704566,0.0,5.937312772239283,0.0,14.0,472.62499999999994
467421,2020-05-10,Oceana,Michigan,26127.0,28,1.0,127,Michigan,Oceana,26467,105.79211848717271,3.778289945970454,0.03571428571428571,3.0,11.33486983791137,0.0,6.477068478806492,0.0,14.0,472.62499999999994
467422,2020-05-11,Oceana,Michigan,26127.0,30,1.0,127,Michigan,Oceana,26467,113.34869837911361,3.778289945970454,0.03333333333333333,2.0,7.556579891940899,0.0,5.9373127722392836,0.0,14.0,472.62499999999994
467423,2020-05-12,Oceana,Michigan,26127.0,34,1.0,127,Michigan,Oceana,26467,128.4618581629954,3.778289945970454,0.029411764705882353,4.0,15.113159783881798,0.0,7.016824185373696,0.0,15.0,441.1166666666667
467424,2020-05-13,Oceana,Michigan,26127.0,38,2.0,127,Michigan,Oceana,26467,143.57501794687724,7.556579891940908,0.05263157894736842,4.0,15.113159783881827,3.778289945970454,8.63609130507532,0.5397557065672077,17.0,389.22058823529414
467425,2020-05-14,Oceana,Michigan,26127.0,44,2.0,127,Michigan,Oceana,26467,166.24475762269998,7.556579891940908,0.045454545454545456,6.0,22.66973967582274,0.0,11.33486983791136,0.5397557065672077,22.0,300.7613636363636
467426,2020-05-15,Oceana,Michigan,26127.0,46,2.0,127,Michigan,Oceana,26467,173.8013375146409,7.556579891940908,0.043478260869565216,2.0,7.556579891940913,0.0,11.87462554447857,0.5397557065672077,23.0,287.6847826086956
467427,2020-05-16,Oceana,Michigan,26127.0,47,2.0,127,Michigan,Oceana,26467,177.57962746061133,7.556579891940908,0.0425531914893617,1.0,3.7782899459704424,0.0,11.874625544478567,0.5397557065672077,23.0,287.6847826086956
467428,2020-05-17,Oceana,Michigan,26127.0,50,2.0,127,Michigan,Oceana,26467,188.9144972985227,7.556579891940908,0.04,3.0,11.334869837911356,0.0,11.874625544478565,0.5397557065672077,25.0,264.67
467429,2020-05-18,Oceana,Michigan,26127.0,54,2.0,127,Michigan,Oceana,26467,204.0276570824045,7.556579891940908,0.037037037037037035,4.0,15.113159783881798,0.0,12.95413695761298,0.5397557065672077,26.0,254.49038461538464
467430,2020-05-19,Oceana,Michigan,26127.0,58,2.0,127,Michigan,Oceana,26467,219.14081686628634,7.556579891940908,0.034482758620689655,4.0,15.113159783881855,0.0,12.954136957612988,0.5397557065672077,28.0,236.31249999999997
467431,2020-05-20,Oceana,Michigan,26127.0,66,2.0,127,Michigan,Oceana,26467,249.36713643404994,7.556579891940908,0.030303030303030304,8.0,30.226319567763596,0.0,15.113159783881812,0.0,32.0,206.7734375
467432,2020-05-21,Oceana,Michigan,26127.0,69,2.0,127,Michigan,Oceana,26467,260.7020062719613,7.556579891940908,0.028985507246376812,3.0,11.334869837911356,0.0,13.493892664180185,0.0,31.0,213.44354838709677
467433,2020-05-22,Oceana,Michigan,26127.0,73,2.0,127,Michigan,Oceana,26467,275.8151660558431,7.556579891940908,0.0273972602739726,4.0,15.113159783881827,0.0,14.573404077314603,0.0,29.0,228.16379310344826
467434,2020-05-23,Oceana,Michigan,26127.0,74,2.0,127,Michigan,Oceana,26467,279.5934560018136,7.556579891940908,0.02702702702702703,1.0,3.778289945970471,0.0,14.573404077314606,0.0,28.0,236.31249999999997
467435,2020-05-24,Oceana,Michigan,26127.0,82,2.0,127,Michigan,Oceana,26467,309.8197755695772,7.556579891940908,0.024390243902439025,8.0,30.226319567763596,0.0,17.272182610150644,0.0,35.0,189.05
467436,2020-05-25,Oceana,Michigan,26127.0,84,2.0,127,Michigan,Oceana,26467,317.37635546151813,7.556579891940908,0.023809523809523808,2.0,7.556579891940942,0.0,16.192671197016235,0.0,34.0,194.61029411764707
467437,2020-05-26,Oceana,Michigan,26127.0,85,2.0,127,Michigan,Oceana,26467,321.1546454074886,7.556579891940908,0.023529411764705882,1.0,3.778289945970471,0.0,14.573404077314608,0.0,31.0,213.44354838709677
467438,2020-05-27,Oceana,Michigan,26127.0,85,2.0,127,Michigan,Oceana,26467,321.1546454074886,7.556579891940908,0.023529411764705882,0.0,0.0,0.0,10.255358424776952,0.0,27.0,245.06481481481484
467439,2020-05-28,Oceana,Michigan,26127.0,85,2.0,127,Michigan,Oceana,26467,321.1546454074886,7.556579891940908,0.023529411764705882,0.0,0.0,0.0,8.636091305075329,0.0,19.0,348.25
467440,2020-05-29,Oceana,Michigan,26127.0,85,2.0,127,Michigan,Oceana,26467,321.1546454074886,7.556579891940908,0.023529411764705882,0.0,0.0,0.0,6.477068478806497,0.0,16.0,413.546875
467441,2020-05-30,Oceana,Michigan,26127.0,85,2.0,127,Michigan,Oceana,26467,321.1546454074886,7.556579891940908,0.023529411764705882,0.0,0.0,0.0,5.937312772239287,0.0,12.0,551.3958333333334
467442,2020-05-31,Oceana,Michigan,26127.0,85,2.0,127,Michigan,Oceana,26467,321.1546454074886,7.556579891940908,0.023529411764705882,0.0,0.0,0.0,1.6192671197016304,0.0,11.0,601.5227272727273
467443,2020-06-01,Oceana,Michigan,26127.0,97,2.0,127,Michigan,Oceana,26467,366.494124759134,7.556579891940908,0.020618556701030927,12.0,45.33947935164542,0.0,7.016824185373699,0.0,15.0,441.1166666666667
467444,2020-06-02,Oceana,Michigan,26127.0,97,2.0,127,Michigan,Oceana,26467,366.494124759134,7.556579891940908,0.020618556701030927,0.0,0.0,0.0,6.477068478806489,0.0,13.0,508.9807692307693
467445,2020-06-03,Oceana,Michigan,26127.0,100,2.0,127,Michigan,Oceana,26467,377.8289945970454,7.556579891940908,0.02,3.0,11.334869837911356,0.0,8.09633559850811,0.0,15.0,441.1166666666667
467446,2020-06-04,Oceana,Michigan,26127.0,102,2.0,127,Michigan,Oceana,26467,385.38557448898626,7.556579891940908,0.0196078431372549,2.0,7.556579891940885,0.0,9.175847011642523,0.0,17.0,389.22058823529414
467447,2020-06-05,Oceana,Michigan,26127.0,102,2.0,127,Michigan,Oceana,26467,385.38557448898626,7.556579891940908,0.0196078431372549,0.0,0.0,0.0,9.175847011642523,0.0,17.0,389.22058823529414
467448,2020-06-06,Oceana,Michigan,26127.0,102,2.0,127,Michigan,Oceana,26467,385.38557448898626,7.556579891940908,0.0196078431372549,0.0,0.0,0.0,9.175847011642523,0.0,17.0,389.22058823529414
467449,2020-06-07,Oceana,Michigan,26127.0,101,2.0,127,Michigan,Oceana,26467,381.60728454301585,7.556579891940908,0.019801980198019802,-1.0,-3.778289945970414,0.0,8.636091305075322,0.0,16.0,413.546875
467450,2020-06-08,Oceana,Michigan,26127.0,101,3.0,127,Michigan,Oceana,26467,381.60728454301585,11.334869837911361,0.0297029702970297,0.0,0.0,3.778289945970453,2.1590228262688322,0.5397557065672076,16.0,413.546875
467451,2020-06-09,Oceana,Michigan,26127.0,103,3.0,127,Michigan,Oceana,26467,389.16386443495674,11.334869837911361,0.02912621359223301,2.0,7.556579891940885,0.0,3.2385342394032444,0.5397557065672076,6.0,1102.7916666666667
467452,2020-06-10,Oceana,Michigan,26127.0,103,3.0,127,Michigan,Oceana,26467,389.16386443495674,11.334869837911361,0.02912621359223301,0.0,0.0,0.0,1.6192671197016222,0.5397557065672076,6.0,1102.7916666666667
467453,2020-06-11,Oceana,Michigan,26127.0,103,3.0,127,Michigan,Oceana,26467,389.16386443495674,11.334869837911361,0.02912621359223301,0.0,0.0,0.0,0.5397557065672102,0.5397557065672076,3.0,2205.5833333333335
467454,2020-06-12,Oceana,Michigan,26127.0,105,3.0,127,Michigan,Oceana,26467,396.7204443268976,11.334869837911361,0.02857142857142857,2.0,7.556579891940885,0.0,1.6192671197016222,0.5397557065672076,3.0,2205.5833333333335
467455,2020-06-13,Oceana,Michigan,26127.0,107,3.0,127,Michigan,Oceana,26467,404.27702421883856,11.334869837911361,0.028037383177570093,2.0,7.556579891940942,0.0,2.6987785328360423,0.5397557065672076,5.0,1323.35
467456,2020-06-14,Oceana,Michigan,26127.0,109,3.0,127,Michigan,Oceana,26467,411.83360411077945,11.334869837911361,0.027522935779816515,2.0,7.556579891940885,0.0,4.3180456525376565,0.5397557065672076,7.0,945.2499999999999
467457,2020-06-15,Oceana,Michigan,26127.0,115,3.0,127,Michigan,Oceana,26467,434.5033437866022,11.334869837911361,0.02608695652173913,6.0,22.66973967582277,0.0,7.556579891940909,0.0,14.0,472.62499999999994
467458,2020-06-16,Oceana,Michigan,26127.0,117,3.0,127,Michigan,Oceana,26467,442.05992367854304,11.334869837911361,0.02564102564102564,2.0,7.556579891940828,0.0,7.556579891940901,0.0,16.0,413.546875
467459,2020-06-17,Oceana,Michigan,26127.0,119,3.0,127,Michigan,Oceana,26467,449.616503570484,11.334869837911361,0.025210084033613446,2.0,7.556579891940942,0.0,8.636091305075322,0.0,16.0,413.546875
467460,2020-06-18,Oceana,Michigan,26127.0,145,3.0,127,Michigan,Oceana,26467,547.8520421657157,11.334869837911361,0.020689655172413793,26.0,98.23553859523173,0.0,22.66973967582271,0.0,42.0,157.54166666666669
467461,2020-06-19,Oceana,Michigan,26127.0,163,3.0,127,Michigan,Oceana,26467,615.861261193184,11.334869837911361,0.018404907975460124,18.0,68.00921902746825,0.0,31.305830980898047,0.0,60.0,110.27916666666667
467462,2020-06-20,Oceana,Michigan,26127.0,173,3.0,127,Michigan,Oceana,26467,653.6441606528884,11.334869837911361,0.017341040462427744,10.0,37.78289945970448,0.0,35.6238766334357,0.0,68.0,97.30514705882354
467463,2020-06-21,Oceana,Michigan,26127.0,176,3.0,127,Michigan,Oceana,26467,664.9790304907999,11.334869837911361,0.017045454545454544,3.0,11.33486983791147,0.0,36.16363234000293,0.0,69.0,95.89492753623188
467464,2020-06-22,Oceana,Michigan,26127.0,186,3.0,127,Michigan,Oceana,26467,702.7619299505044,11.334869837911361,0.016129032258064516,10.0,37.78289945970448,0.0,38.32265516627174,0.0,77.0,85.93181818181819
467465,2020-06-23,Oceana,Michigan,26127.0,199,3.0,127,Michigan,Oceana,26467,751.8796992481202,11.334869837911361,0.01507537688442211,13.0,49.11776929761584,0.0,44.259967938511025,0.0,84.0,78.77083333333334
467466,2020-06-24,Oceana,Michigan,26127.0,210,3.0,127,Michigan,Oceana,26467,793.4408886537952,11.334869837911361,0.014285714285714285,11.0,41.56118940567501,0.0,49.117769297615894,0.0,93.0,71.1478494623656
467467,2020-06-25,Oceana,Michigan,26127.0,222,3.0,127,Michigan,Oceana,26467,838.7803680054408,11.334869837911361,0.013513513513513514,12.0,45.33947935164554,0.0,41.56118940567501,0.0,103.0,64.24029126213593
467468,2020-06-26,Oceana,Michigan,26127.0,235,3.0,127,Michigan,Oceana,26467,887.8981373030566,11.334869837911361,0.01276595744680851,13.0,49.11776929761584,0.0,38.86241087283895,0.0,90.0,73.51944444444445
467469,2020-06-27,Oceana,Michigan,26127.0,249,3.0,127,Michigan,Oceana,26467,940.794196546643,11.334869837911361,0.012048192771084338,14.0,52.896059243586365,0.0,41.02143369910779,0.0,86.0,76.93895348837209
467470,2020-06-28,Oceana,Michigan,26127.0,263,3.0,127,Michigan,Oceana,26467,993.6902557902293,11.334869837911361,0.011406844106463879,14.0,52.896059243586365,0.0,46.95874647134706,0.0,90.0,73.51944444444445
467471,2020-06-29,Oceana,Michigan,26127.0,280,3.0,127,Michigan,Oceana,26467,1057.921184871727,11.334869837911361,0.010714285714285714,17.0,64.23092908149772,0.0,50.737036417317526,0.0,104.0,63.62259615384616
467472,2020-06-30,Oceana,Michigan,26127.0,287,3.0,127,Michigan,Oceana,26467,1084.3692144935203,11.334869837911361,0.010452961672473868,7.0,26.44802962179324,0.0,47.4985021779143,0.0,101.0,65.51237623762376
467473,2020-07-01,Oceana,Michigan,26127.0,292,3.0,127,Michigan,Oceana,26467,1103.2606642233725,11.334869837911361,0.010273972602739725,5.0,18.891449729852184,0.0,44.25996793851103,0.0,93.0,71.1478494623656
467474,2020-07-02,Oceana,Michigan,26127.0,307,3.0,127,Michigan,Oceana,26467,1159.9350134129293,11.334869837911361,0.009771986970684038,15.0,56.67434918955678,0.0,45.87923505821264,0.0,97.0,68.2139175257732
467475,2020-07-03,Oceana,Michigan,26127.0,320,3.0,127,Michigan,Oceana,26467,1209.0527827105452,11.334869837911361,0.009375,13.0,49.11776929761595,0.0,45.87923505821266,0.0,98.0,67.51785714285714
467476,2020-07-04,Oceana,Michigan,26127.0,342,4.0,127,Michigan,Oceana,26467,1292.1751615218952,15.113159783881816,0.011695906432748537,22.0,83.12237881135002,3.778289945970455,50.19728071075032,0.5397557065672078,107.0,61.838785046728965
467477,2020-07-05,Oceana,Michigan,26127.0,345,4.0,127,Michigan,Oceana,26467,1303.5100313598066,15.113159783881816,0.011594202898550725,3.0,11.334869837911356,0.0,44.25996793851103,0.5397557065672078,96.0,68.92447916666667
467478,2020-07-06,Oceana,Michigan,26127.0,347,4.0,127,Michigan,Oceana,26467,1311.0666112517474,15.113159783881816,0.011527377521613832,2.0,7.556579891940828,0.0,36.163632340002906,0.5397557065672078,84.0,78.77083333333334
467479,2020-07-07,Oceana,Michigan,26127.0,354,4.0,127,Michigan,Oceana,26467,1337.5146408735407,15.113159783881816,0.011299435028248588,7.0,26.44802962179324,0.0,36.163632340002906,0.5397557065672078,74.0,89.41554054054053
467480,2020-07-08,Oceana,Michigan,26127.0,365,4.0,127,Michigan,Oceana,26467,1379.0758302792156,15.113159783881816,0.010958904109589041,11.0,41.561189405674895,0.0,39.40216657940615,0.5397557065672078,78.0,84.8301282051282
467481,2020-07-09,Oceana,Michigan,26127.0,372,4.0,127,Michigan,Oceana,26467,1405.5238599010088,15.113159783881816,0.010752688172043012,7.0,26.44802962179324,0.0,35.0841209268685,0.5397557065672078,80.0,82.709375
467482,2020-07-10,Oceana,Michigan,26127.0,384,4.0,127,Michigan,Oceana,26467,1450.8633392526542,15.113159783881816,0.010416666666666666,12.0,45.33947935164542,0.0,34.54436522030129,0.5397557065672078,77.0,85.93181818181819
467483,2020-07-11,Oceana,Michigan,26127.0,397,5.0,127,Michigan,Oceana,26467,1499.9811085502702,18.89144972985227,0.012594458438287154,13.0,49.11776929761595,3.778289945970453,29.68656386119642,0.5397557065672076,77.0,85.93181818181819
467484,2020-07-12,Oceana,Michigan,26127.0,405,5.0,127,Michigan,Oceana,26467,1530.207428118034,18.89144972985227,0.012345679012345678,8.0,30.226319567763767,0.0,32.38534239403248,0.5397557065672076,63.0,105.02777777777779
467485,2020-07-13,Oceana,Michigan,26127.0,406,5.0,127,Michigan,Oceana,26467,1533.9857180640042,18.89144972985227,0.012315270935960592,1.0,3.7782899459703003,0.0,31.84558668746526,0.5397557065672076,61.0,108.47131147540985
467486,2020-07-14,Oceana,Michigan,26127.0,407,5.0,127,Michigan,Oceana,26467,1537.7640080099745,18.89144972985227,0.012285012285012284,1.0,3.7782899459703003,0.0,28.60705244806198,0.5397557065672076,60.0,110.27916666666667
467487,2020-07-15,Oceana,Michigan,26127.0,414,5.0,127,Michigan,Oceana,26467,1564.2120376317678,18.89144972985227,0.012077294685990338,7.0,26.44802962179324,0.0,26.448029621793175,0.5397557065672076,60.0,110.27916666666667
467488,2020-07-16,Oceana,Michigan,26127.0,417,5.0,127,Michigan,Oceana,26467,1575.5469074696791,18.89144972985227,0.011990407673860911,3.0,11.334869837911356,0.0,24.289006795524333,0.5397557065672076,52.0,127.24519230769232
467489,2020-07-17,Oceana,Michigan,26127.0,426,5.0,127,Michigan,Oceana,26467,1609.5515169834134,18.89144972985227,0.011737089201877934,9.0,34.004609513734295,0.0,22.669739675822743,0.5397557065672076,54.0,122.53240740740742
467490,2020-07-18,Oceana,Michigan,26127.0,432,5.0,127,Michigan,Oceana,26467,1632.221256659236,18.89144972985227,0.011574074074074073,6.0,22.669739675822484,0.0,18.891449729852248,0.0,48.0,137.84895833333334
467491,2020-07-19,Oceana,Michigan,26127.0,436,5.0,127,Michigan,Oceana,26467,1647.3344164431178,18.89144972985227,0.011467889908256881,4.0,15.113159783881883,0.0,16.73242690358341,0.0,39.0,169.6602564102564
467492,2020-07-20,Oceana,Michigan,26127.0,437,5.0,127,Michigan,Oceana,26467,1651.1127063890883,18.89144972985227,0.011441647597254004,1.0,3.7782899459705277,0.0,16.73242690358344,0.0,32.0,206.7734375
467493,2020-07-21,Oceana,Michigan,26127.0,444,5.0,127,Michigan,Oceana,26467,1677.5607360108816,18.89144972985227,0.01126126126126126,7.0,26.44802962179324,0.0,19.970961142986717,0.0,38.0,174.125
467494,2020-07-22,Oceana,Michigan,26127.0,445,5.0,127,Michigan,Oceana,26467,1681.339025956852,18.89144972985227,0.011235955056179775,1.0,3.7782899459705277,0.0,16.732426903583473,0.0,38.0,174.125
467495,2020-07-23,Oceana,Michigan,26127.0,452,5.0,127,Michigan,Oceana,26467,1707.787055578645,18.89144972985227,0.011061946902654867,7.0,26.44802962179301,0.0,18.89144972985228,0.0,38.0,174.125
467496,2020-07-24,Oceana,Michigan,26127.0,456,5.0,127,Michigan,Oceana,26467,1722.900215362527,18.89144972985227,0.010964912280701754,4.0,15.113159783881883,0.0,16.19267119701622,0.0,39.0,169.6602564102564
467497,2020-07-25,Oceana,Michigan,26127.0,456,5.0,127,Michigan,Oceana,26467,1722.900215362527,18.89144972985227,0.010964912280701754,0.0,0.0,0.0,12.954136957613011,0.0,30.0,220.55833333333334
467498,2020-07-26,Oceana,Michigan,26127.0,458,5.0,127,Michigan,Oceana,26467,1730.4567952544678,18.89144972985227,0.010917030567685589,2.0,7.556579891940828,0.0,11.874625544478574,0.0,26.0,254.49038461538464
467499,2020-07-27,Oceana,Michigan,26127.0,459,5.0,127,Michigan,Oceana,26467,1734.2350852004383,18.89144972985227,0.010893246187363835,1.0,3.7782899459705277,0.0,11.874625544478574,0.0,23.0,287.6847826086956
467500,2020-07-28,Oceana,Michigan,26127.0,460,6.0,127,Michigan,Oceana,26467,1738.0133751464089,22.669739675822722,0.013043478260869565,1.0,3.7782899459705277,3.778289945970453,8.636091305075329,0.5397557065672076,23.0,287.6847826086956
467501,2020-07-29,Oceana,Michigan,26127.0,462,6.0,127,Michigan,Oceana,26467,1745.5699550383497,22.669739675822722,0.012987012987012988,2.0,7.556579891940828,0.0,9.175847011642515,0.5397557065672076,18.0,367.5972222222222
467502,2020-07-30,Oceana,Michigan,26127.0,462,6.0,127,Michigan,Oceana,26467,1745.5699550383497,22.669739675822722,0.012987012987012988,0.0,0.0,0.0,5.397557065672085,0.5397557065672076,17.0,389.22058823529414
467503,2020-07-31,Oceana,Michigan,26127.0,461,6.0,127,Michigan,Oceana,26467,1741.7916650923792,22.669739675822722,0.013015184381778741,-1.0,-3.7782899459705277,0.0,2.6987785328360263,0.5397557065672076,9.0,735.1944444444443
467504,2020-08-01,Oceana,Michigan,26127.0,462,6.0,127,Michigan,Oceana,26467,1745.5699550383497,22.669739675822722,0.012987012987012988,1.0,3.7782899459705277,0.0,3.2385342394032444,0.5397557065672076,6.0,1102.7916666666667
467505,2020-08-02,Oceana,Michigan,26127.0,465,6.0,127,Michigan,Oceana,26467,1756.904824876261,22.669739675822722,0.012903225806451613,3.0,11.334869837911356,0.0,3.778289945970463,0.5397557065672076,9.0,735.1944444444443
467506,2020-08-03,Oceana,Michigan,26127.0,467,6.0,127,Michigan,Oceana,26467,1764.4614047682016,22.669739675822722,0.01284796573875803,2.0,7.556579891940601,0.0,4.318045652537616,0.5397557065672076,9.0,735.1944444444443
467507,2020-08-04,Oceana,Michigan,26127.0,466,6.0,127,Michigan,Oceana,26467,1760.6831148222316,22.669739675822722,0.012875536480686695,-1.0,-3.778289945970073,0.0,3.2385342394032444,0.0,7.0,945.2499999999999
467508,2020-08-05,Oceana,Michigan,26127.0,468,6.0,127,Michigan,Oceana,26467,1768.2396947141722,22.669739675822722,0.01282051282051282,2.0,7.556579891940601,0.0,3.238534239403212,0.0,8.0,827.09375
467509,2020-08-06,Oceana,Michigan,26127.0,472,6.0,127,Michigan,Oceana,26467,1783.352854498054,22.669739675822722,0.012711864406779662,4.0,15.113159783881883,0.0,5.397557065672053,0.0,10.0,661.675
467510,2020-08-07,Oceana,Michigan,26127.0,474,6.0,127,Michigan,Oceana,26467,1790.909434389995,22.669739675822722,0.012658227848101266,2.0,7.556579891941055,0.0,7.016824185373707,0.0,12.0,551.3958333333334
467511,2020-08-08,Oceana,Michigan,26127.0,475,6.0,127,Michigan,Oceana,26467,1794.6877243359656,22.669739675822722,0.01263157894736842,1.0,3.7782899459705277,0.0,7.016824185373707,0.0,14.0,472.62499999999994
467512,2020-08-09,Oceana,Michigan,26127.0,475,6.0,127,Michigan,Oceana,26467,1794.6877243359656,22.669739675822722,0.01263157894736842,0.0,0.0,0.0,5.397557065672085,0.0,13.0,508.9807692307693
467513,2020-08-10,Oceana,Michigan,26127.0,479,6.0,127,Michigan,Oceana,26467,1809.8008841198475,22.669739675822722,0.012526096033402923,4.0,15.113159783881883,0.0,6.477068478806554,0.0,14.0,472.62499999999994
467514,2020-08-11,Oceana,Michigan,26127.0,480,6.0,127,Michigan,Oceana,26467,1813.5791740658178,22.669739675822722,0.0125,1.0,3.7782899459703003,0.0,7.556579891940893,0.0,13.0,508.9807692307693
467515,2020-08-12,Oceana,Michigan,26127.0,480,6.0,127,Michigan,Oceana,26467,1813.5791740658178,22.669739675822722,0.0125,0.0,0.0,0.0,6.477068478806522,0.0,14.0,472.62499999999994
467516,2020-08-13,Oceana,Michigan,26127.0,482,6.0,127,Michigan,Oceana,26467,1821.1357539577589,22.669739675822722,0.012448132780082987,2.0,7.556579891941055,0.0,5.3975570656721175,0.0,14.0,472.62499999999994
467517,2020-08-14,Oceana,Michigan,26127.0,484,6.0,127,Michigan,Oceana,26467,1828.6923338496997,22.669739675822722,0.012396694214876033,2.0,7.556579891940828,0.0,5.397557065672085,0.0,12.0,551.3958333333334
467518,2020-08-15,Oceana,Michigan,26127.0,486,6.0,127,Michigan,Oceana,26467,1836.2489137416403,22.669739675822722,0.012345679012345678,2.0,7.556579891940601,0.0,5.937312772239238,0.0,12.0,551.3958333333334
467519,2020-08-16,Oceana,Michigan,26127.0,486,6.0,127,Michigan,Oceana,26467,1836.2489137416403,22.669739675822722,0.012345679012345678,0.0,0.0,0.0,5.937312772239238,0.0,11.0,601.5227272727273
467520,2020-08-17,Oceana,Michigan,26127.0,489,6.0,127,Michigan,Oceana,26467,1847.583783579552,22.669739675822722,0.012269938650306749,3.0,11.334869837911583,0.0,5.397557065672053,0.0,14.0,472.62499999999994
467521,2020-08-18,Oceana,Michigan,26127.0,492,6.0,127,Michigan,Oceana,26467,1858.9186534174632,22.669739675822722,0.012195121951219513,3.0,11.334869837911356,0.0,6.477068478806489,0.0,13.0,508.9807692307693
467522,2020-08-19,Oceana,Michigan,26127.0,490,6.0,127,Michigan,Oceana,26467,1851.3620735255222,22.669739675822722,0.012244897959183673,-2.0,-7.556579891941055,0.0,5.397557065672053,0.0,10.0,661.675
467523,2020-08-20,Oceana,Michigan,26127.0,493,6.0,127,Michigan,Oceana,26467,1862.6969433634338,22.669739675822722,0.012170385395537525,3.0,11.334869837911583,0.0,5.937312772239271,0.0,13.0,508.9807692307693
467524,2020-08-21,Oceana,Michigan,26127.0,492,6.0,127,Michigan,Oceana,26467,1858.9186534174632,22.669739675822722,0.012195121951219513,-1.0,-3.7782899459705277,0.0,4.3180456525376485,0.0,10.0,661.675
467525,2020-08-22,Oceana,Michigan,26127.0,495,6.0,127,Michigan,Oceana,26467,1870.2535232553746,22.669739675822722,0.012121212121212121,3.0,11.334869837911356,0.0,4.857801359104899,0.0,11.0,601.5227272727273
467526,2020-08-23,Oceana,Michigan,26127.0,495,6.0,127,Michigan,Oceana,26467,1870.2535232553746,22.669739675822722,0.012121212121212121,0.0,0.0,0.0,4.857801359104899,0.0,9.0,735.1944444444443
467527,2020-08-24,Oceana,Michigan,26127.0,497,6.0,127,Michigan,Oceana,26467,1877.8101031473157,22.669739675822722,0.012072434607645875,2.0,7.556579891941055,0.0,4.318045652537681,0.0,11.0,601.5227272727273
467528,2020-08-25,Oceana,Michigan,26127.0,498,6.0,127,Michigan,Oceana,26467,1881.588393093286,22.669739675822722,0.012048192771084338,1.0,3.7782899459703003,0.0,3.2385342394032444,0.0,9.0,735.1944444444443
467529,2020-08-26,Oceana,Michigan,26127.0,499,6.0,127,Michigan,Oceana,26467,1885.3666830392565,22.669739675822722,0.012024048096192385,1.0,3.7782899459705277,0.0,4.857801359104899,0.0,7.0,945.2499999999999
467530,2020-08-27,Oceana,Michigan,26127.0,499,6.0,127,Michigan,Oceana,26467,1885.3666830392565,22.669739675822722,0.012024048096192385,0.0,0.0,0.0,3.2385342394032444,0.0,9.0,735.1944444444443
467531,2020-08-28,Oceana,Michigan,26127.0,499,6.0,127,Michigan,Oceana,26467,1885.3666830392565,22.669739675822722,0.012024048096192385,0.0,0.0,0.0,3.778289945970463,0.0,6.0,1102.7916666666667
467532,2020-08-29,Oceana,Michigan,26127.0,499,6.0,127,Michigan,Oceana,26467,1885.3666830392565,22.669739675822722,0.012024048096192385,0.0,0.0,0.0,2.1590228262688407,0.0,7.0,945.2499999999999
467533,2020-08-30,Oceana,Michigan,26127.0,500,6.0,127,Michigan,Oceana,26467,1889.144972985227,22.669739675822722,0.012,1.0,3.7782899459705277,0.0,2.6987785328360587,0.0,5.0,1323.35
467534,2020-08-31,Oceana,Michigan,26127.0,501,6.0,127,Michigan,Oceana,26467,1892.9232629311975,22.669739675822722,0.011976047904191617,1.0,3.7782899459705277,0.0,2.1590228262688407,0.0,6.0,1102.7916666666667
467535,2020-09-01,Oceana,Michigan,26127.0,501,6.0,127,Michigan,Oceana,26467,1892.9232629311975,22.669739675822722,0.011976047904191617,0.0,0.0,0.0,1.6192671197016548,0.0,4.0,1654.1875
467536,2020-09-02,Oceana,Michigan,26127.0,501,6.0,127,Michigan,Oceana,26467,1892.9232629311975,22.669739675822722,0.011976047904191617,0.0,0.0,0.0,1.0795114131344365,0.0,3.0,2205.5833333333335
467537,2020-09-03,Oceana,Michigan,26127.0,501,6.0,127,Michigan,Oceana,26467,1892.9232629311975,22.669739675822722,0.011976047904191617,0.0,0.0,0.0,1.0795114131344365,0.0,2.0,3308.375
467538,2020-09-04,Oceana,Michigan,26127.0,501,6.0,127,Michigan,Oceana,26467,1892.9232629311975,22.669739675822722,0.011976047904191617,0.0,0.0,0.0,1.0795114131344365,0.0,2.0,3308.375
467539,2020-09-05,Oceana,Michigan,26127.0,501,6.0,127,Michigan,Oceana,26467,1892.9232629311975,22.669739675822722,0.011976047904191617,0.0,0.0,0.0,1.0795114131344365,0.0,2.0,3308.375
467540,2020-09-06,Oceana,Michigan,26127.0,501,6.0,127,Michigan,Oceana,26467,1892.9232629311975,22.669739675822722,0.011976047904191617,0.0,0.0,0.0,0.5397557065672183,0.0,2.0,3308.375
467541,2020-09-07,Oceana,Michigan,26127.0,501,6.0,127,Michigan,Oceana,26467,1892.9232629311975,22.669739675822722,0.011976047904191617,0.0,0.0,0.0,0.0,0.0,1.0,6616.75
467542,2020-09-08,Oceana,Michigan,26127.0,502,6.0,127,Michigan,Oceana,26467,1896.7015528771678,22.669739675822722,0.01195219123505976,1.0,3.7782899459703003,0.0,0.5397557065671857,0.0,1.0,6616.75
467543,2020-09-09,Oceana,Michigan,26127.0,501,6.0,127,Michigan,Oceana,26467,1892.9232629311975,22.669739675822722,0.011976047904191617,-1.0,-3.7782899459703003,0.0,0.0,0.0,0.0,inf
467544,2020-09-10,Oceana,Michigan,26127.0,501,6.0,127,Michigan,Oceana,26467,1892.9232629311975,22.669739675822722,0.011976047904191617,0.0,0.0,0.0,0.0,0.0,0.0,inf
467545,2020-09-11,Oceana,Michigan,26127.0,501,6.0,127,Michigan,Oceana,26467,1892.9232629311975,22.669739675822722,0.011976047904191617,0.0,0.0,0.0,0.0,0.0,0.0,inf
467546,2020-09-12,Oceana,Michigan,26127.0,501,6.0,127,Michigan,Oceana,26467,1892.9232629311975,22.669739675822722,0.011976047904191617,0.0,0.0,0.0,0.0,0.0,0.0,inf
467547,2020-09-13,Oceana,Michigan,26127.0,501,6.0,127,Michigan,Oceana,26467,1892.9232629311975,22.669739675822722,0.011976047904191617,0.0,0.0,0.0,0.0,0.0,0.0,inf
467548,2020-09-14,Oceana,Michigan,26127.0,506,6.0,127,Michigan,Oceana,26467,1911.8147126610495,22.669739675822722,0.011857707509881422,5.0,18.891449729851956,0.0,2.698778532835994,0.0,5.0,1323.35
467549,2020-09-15,Oceana,Michigan,26127.0,506,6.0,127,Michigan,Oceana,26467,1911.8147126610495,22.669739675822722,0.011857707509881422,0.0,0.0,0.0,2.159022826268808,0.0,5.0,1323.35
467550,2020-09-16,Oceana,Michigan,26127.0,506,6.0,127,Michigan,Oceana,26467,1911.8147126610495,22.669739675822722,0.011857707509881422,0.0,0.0,0.0,2.698778532835994,0.0,4.0,1654.1875
467551,2020-09-17,Oceana,Michigan,26127.0,506,6.0,127,Michigan,Oceana,26467,1911.8147126610495,22.669739675822722,0.011857707509881422,0.0,0.0,0.0,2.698778532835994,0.0,5.0,1323.35
467552,2020-09-18,Oceana,Michigan,26127.0,513,6.0,127,Michigan,Oceana,26467,1938.2627422828427,22.669739675822722,0.011695906432748537,7.0,26.44802962179324,0.0,6.477068478806457,0.0,12.0,551.3958333333334
467553,2020-09-19,Oceana,Michigan,26127.0,513,6.0,127,Michigan,Oceana,26467,1938.2627422828427,22.669739675822722,0.011695906432748537,0.0,0.0,0.0,6.477068478806457,0.0,12.0,551.3958333333334
467554,2020-09-20,Oceana,Michigan,26127.0,513,6.0,127,Michigan,Oceana,26467,1938.2627422828427,22.669739675822722,0.011695906432748537,0.0,0.0,0.0,6.477068478806457,0.0,12.0,551.3958333333334
467555,2020-09-21,Oceana,Michigan,26127.0,514,6.0,127,Michigan,Oceana,26467,1942.0410322288133,22.669739675822722,0.011673151750972763,1.0,3.7782899459705277,0.0,4.318045652537681,0.0,13.0,508.9807692307693
467556,2020-09-22,Oceana,Michigan,26127.0,514,6.0,127,Michigan,Oceana,26467,1942.0410322288133,22.669739675822722,0.011673151750972763,0.0,0.0,0.0,4.318045652537681,0.0,8.0,827.09375
467557,2020-09-23,Oceana,Michigan,26127.0,516,6.0,127,Michigan,Oceana,26467,1949.5976121207543,22.669739675822722,0.011627906976744186,2.0,7.556579891941055,0.0,5.3975570656721175,0.0,10.0,661.675
467558,2020-09-24,Oceana,Michigan,26127.0,515,6.0,127,Michigan,Oceana,26467,1945.8193221747838,22.669739675822722,0.011650485436893204,-1.0,-3.7782899459705277,0.0,4.857801359104899,0.0,9.0,735.1944444444443
467559,2020-09-25,Oceana,Michigan,26127.0,516,6.0,127,Michigan,Oceana,26467,1949.5976121207543,22.669739675822722,0.011627906976744186,1.0,3.7782899459705277,0.0,1.6192671197016548,0.0,10.0,661.675
467560,2020-09-26,Oceana,Michigan,26127.0,518,6.0,127,Michigan,Oceana,26467,1957.1541920126951,22.669739675822722,0.011583011583011582,2.0,7.556579891940828,0.0,2.6987785328360587,0.0,5.0,1323.35
467561,2020-09-27,Oceana,Michigan,26127.0,518,6.0,127,Michigan,Oceana,26467,1957.1541920126951,22.669739675822722,0.011583011583011582,0.0,0.0,0.0,2.6987785328360587,0.0,5.0,1323.35
467562,2020-09-28,Oceana,Michigan,26127.0,524,6.0,127,Michigan,Oceana,26467,1979.8239316885176,22.669739675822722,0.011450381679389313,6.0,22.669739675822484,0.0,5.397557065672053,0.0,11.0,601.5227272727273
467563,2020-09-29,Oceana,Michigan,26127.0,528,6.0,127,Michigan,Oceana,26467,1994.9370914723995,22.669739675822722,0.011363636363636364,4.0,15.113159783881883,0.0,7.556579891940893,0.0,14.0,472.62499999999994
467564,2020-09-30,Oceana,Michigan,26127.0,528,6.0,127,Michigan,Oceana,26467,1994.9370914723995,22.669739675822722,0.011363636363636364,0.0,0.0,0.0,6.477068478806457,0.0,14.0,472.62499999999994
467565,2020-10-01,Oceana,Michigan,26127.0,529,6.0,127,Michigan,Oceana,26467,1998.71538141837,22.669739675822722,0.011342155009451797,1.0,3.7782899459705277,0.0,7.556579891940893,0.0,13.0,508.9807692307693
467566,2020-10-02,Oceana,Michigan,26127.0,529,6.0,127,Michigan,Oceana,26467,1998.71538141837,22.669739675822722,0.011342155009451797,0.0,0.0,0.0,7.016824185373674,0.0,14.0,472.62499999999994
467567,2020-10-03,Oceana,Michigan,26127.0,534,6.0,127,Michigan,Oceana,26467,2017.6068311482225,22.669739675822722,0.011235955056179775,5.0,18.89144972985241,0.0,8.636091305075329,0.0,18.0,367.5972222222222
467568,2020-10-04,Oceana,Michigan,26127.0,534,6.0,127,Michigan,Oceana,26467,2017.6068311482225,22.669739675822722,0.011235955056179775,0.0,0.0,0.0,8.636091305075329,0.0,16.0,413.546875
467569,2020-10-05,Oceana,Michigan,26127.0,536,6.0,127,Michigan,Oceana,26467,2025.1634110401633,22.669739675822722,0.011194029850746268,2.0,7.556579891940828,0.0,6.477068478806522,0.0,18.0,367.5972222222222
467570,2020-10-06,Oceana,Michigan,26127.0,537,6.0,127,Michigan,Oceana,26467,2028.9417009861338,22.669739675822722,0.0111731843575419,1.0,3.7782899459705277,0.0,4.857801359104899,0.0,13.0,508.9807692307693
467571,2020-10-07,Oceana,Michigan,26127.0,540,6.0,127,Michigan,Oceana,26467,2040.276570824045,22.669739675822722,0.011111111111111112,3.0,11.334869837911128,0.0,6.477068478806489,0.0,12.0,551.3958333333334
467572,2020-10-08,Oceana,Michigan,26127.0,542,6.0,127,Michigan,Oceana,26467,2047.8331507159858,22.669739675822722,0.01107011070110701,2.0,7.556579891940828,0.0,7.016824185373674,0.0,14.0,472.62499999999994
467573,2020-10-09,Oceana,Michigan,26127.0,541,6.0,127,Michigan,Oceana,26467,2044.0548607700152,22.669739675822722,0.011090573012939002,-1.0,-3.7782899459705277,0.0,6.477068478806457,0.0,12.0,551.3958333333334
467574,2020-10-10,Oceana,Michigan,26127.0,542,6.0,127,Michigan,Oceana,26467,2047.8331507159858,22.669739675822722,0.01107011070110701,1.0,3.7782899459705277,0.0,4.318045652537616,0.0,13.0,508.9807692307693
467575,2020-10-11,Oceana,Michigan,26127.0,542,6.0,127,Michigan,Oceana,26467,2047.8331507159858,22.669739675822722,0.01107011070110701,0.0,0.0,0.0,4.318045652537616,0.0,8.0,827.09375
467576,2020-10-12,Oceana,Michigan,26127.0,550,6.0,127,Michigan,Oceana,26467,2078.0594702837498,22.669739675822722,0.01090909090909091,8.0,30.226319567763994,0.0,7.556579891940926,0.0,16.0,413.546875
467577,2020-10-13,Oceana,Michigan,26127.0,550,6.0,127,Michigan,Oceana,26467,2078.0594702837498,22.669739675822722,0.01090909090909091,0.0,0.0,0.0,7.016824185373707,0.0,14.0,472.62499999999994
467578,2020-10-14,Oceana,Michigan,26127.0,557,6.0,127,Michigan,Oceana,26467,2104.5074999055428,22.669739675822722,0.010771992818671455,7.0,26.44802962179301,0.0,9.175847011642547,0.0,20.0,330.8375
467579,2020-10-15,Oceana,Michigan,26127.0,562,6.0,127,Michigan,Oceana,26467,2123.3989496353947,22.669739675822722,0.010676156583629894,5.0,18.891449729851956,0.0,10.795114131344137,0.0,22.0,300.7613636363636
467580,2020-10-16,Oceana,Michigan,26127.0,566,6.0,127,Michigan,Oceana,26467,2138.512109419277,22.669739675822722,0.01060070671378092,4.0,15.11315978388211,0.0,13.493892664180228,0.0,24.0,275.6979166666667
467581,2020-10-17,Oceana,Michigan,26127.0,566,6.0,127,Michigan,Oceana,26467,2138.512109419277,22.669739675822722,0.01060070671378092,0.0,0.0,0.0,12.954136957613011,0.0,25.0,264.67
467582,2020-10-18,Oceana,Michigan,26127.0,566,6.0,127,Michigan,Oceana,26467,2138.512109419277,22.669739675822722,0.01060070671378092,0.0,0.0,0.0,12.954136957613011,0.0,24.0,275.6979166666667
467583,2020-10-19,Oceana,Michigan,26127.0,575,6.0,127,Michigan,Oceana,26467,2172.516718933011,22.669739675822722,0.010434782608695653,9.0,34.00460951373407,0.0,13.493892664180164,0.0,33.0,200.50757575757575
467584,2020-10-20,Oceana,Michigan,26127.0,577,6.0,127,Michigan,Oceana,26467,2180.0732988249515,22.669739675822722,0.010398613518197574,2.0,7.556579891940601,0.0,14.573404077314535,0.0,27.0,245.06481481481484
467585,2020-10-21,Oceana,Michigan,26127.0,581,6.0,127,Michigan,Oceana,26467,2195.1864586088336,22.669739675822722,0.010327022375215147,4.0,15.11315978388211,0.0,12.954136957612977,0.0,31.0,213.44354838709677
467586,2020-10-22,Oceana,Michigan,26127.0,586,6.0,127,Michigan,Oceana,26467,2214.077908338686,22.669739675822722,0.010238907849829351,5.0,18.89144972985241,0.0,12.954136957613043,0.0,29.0,228.16379310344826
467587,2020-10-23,Oceana,Michigan,26127.0,599,6.0,127,Michigan,Oceana,26467,2263.1956776363018,22.669739675822722,0.01001669449081803,13.0,49.11776929761572,0.0,17.811938316717846,0.0,37.0,178.83108108108107
467588,2020-10-24,Oceana,Michigan,26127.0,606,6.0,127,Michigan,Oceana,26467,2289.643707258095,22.669739675822722,0.009900990099009901,7.0,26.448029621793467,0.0,21.59022826268834,0.0,40.0,165.41875
467589,2020-10-25,Oceana,Michigan,26127.0,606,6.0,127,Michigan,Oceana,26467,2289.643707258095,22.669739675822722,0.009900990099009901,0.0,0.0,0.0,21.59022826268834,0.0,40.0,165.41875
467590,2020-10-26,Oceana,Michigan,26127.0,619,6.0,127,Michigan,Oceana,26467,2338.761476555711,22.669739675822722,0.009693053311793215,13.0,49.11776929761572,0.0,23.74925108895715,0.0,53.0,124.8443396226415
467591,2020-10-27,Oceana,Michigan,26127.0,624,6.0,127,Michigan,Oceana,26467,2357.6529262855634,22.669739675822722,0.009615384615384616,5.0,18.89144972985241,0.0,25.368518208658834,0.0,49.0,135.03571428571428
467592,2020-10-28,Oceana,Michigan,26127.0,640,6.0,127,Michigan,Oceana,26467,2418.1055654210904,22.669739675822722,0.009375,16.0,60.45263913552708,0.0,31.84558668746526,0.0,63.0,105.02777777777779
467593,2020-10-29,Oceana,Michigan,26127.0,653,6.0,127,Michigan,Oceana,26467,2467.223334718706,22.669739675822722,0.009188361408882083,13.0,49.11776929761572,0.0,36.16363234000288,0.0,72.0,91.89930555555554
467594,2020-10-30,Oceana,Michigan,26127.0,666,6.0,127,Michigan,Oceana,26467,2516.3411040163223,22.669739675822722,0.009009009009009009,13.0,49.11776929761618,0.0,36.16363234000294,0.0,80.0,82.709375
467595,2020-10-31,Oceana,Michigan,26127.0,676,6.0,127,Michigan,Oceana,26467,2554.1240034760267,22.669739675822722,0.008875739644970414,10.0,37.78289945970437,0.0,37.782899459704495,0.0,77.0,85.93181818181819
467596,2020-11-01,Oceana,Michigan,26127.0,676,6.0,127,Michigan,Oceana,26467,2554.1240034760267,22.669739675822722,0.008875739644970414,0.0,0.0,0.0,37.782899459704495,0.0,70.0,94.525
467597,2020-11-02,Oceana,Michigan,26127.0,698,6.0,127,Michigan,Oceana,26467,2637.246382287377,22.669739675822722,0.008595988538681949,22.0,83.12237881135025,0.0,42.64070081880943,0.0,92.0,71.9211956521739
467598,2020-11-03,Oceana,Michigan,26127.0,709,6.0,127,Michigan,Oceana,26467,2678.8075716930516,22.669739675822722,0.00846262341325811,11.0,41.56118940567467,0.0,45.87923505821261,0.0,90.0,73.51944444444445
467599,2020-11-04,Oceana,Michigan,26127.0,725,6.0,127,Michigan,Oceana,26467,2739.2602108285787,22.669739675822722,0.008275862068965517,16.0,60.45263913552708,0.0,45.87923505821261,0.0,101.0,65.51237623762376
467600,2020-11-05,Oceana,Michigan,26127.0,744,6.0,127,Michigan,Oceana,26467,2811.0477198020176,22.669739675822722,0.008064516129032258,19.0,71.78750897343889,0.0,49.117769297615915,0.0,104.0,63.62259615384616
467601,2020-11-06,Oceana,Michigan,26127.0,769,6.0,127,Michigan,Oceana,26467,2905.504968451279,22.669739675822722,0.007802340702210663,25.0,94.4572486492616,0.0,55.59483777642241,0.0,116.0,57.040948275862064
467602,2020-11-07,Oceana,Michigan,26127.0,779,6.0,127,Michigan,Oceana,26467,2943.2878679109836,22.669739675822722,0.007702182284980745,10.0,37.78289945970437,0.0,55.59483777642241,0.0,113.0,58.55530973451328
467603,2020-11-08,Oceana,Michigan,26127.0,779,6.0,127,Michigan,Oceana,26467,2943.2878679109836,22.669739675822722,0.007702182284980745,0.0,0.0,0.0,55.59483777642241,0.0,103.0,64.24029126213593
467604,2020-11-09,Oceana,Michigan,26127.0,813,6.0,127,Michigan,Oceana,26467,3071.749726073979,22.669739675822722,0.007380073800738007,34.0,128.46185816299567,0.0,62.071906255228896,0.0,137.0,48.29744525547445
467605,2020-11-10,Oceana,Michigan,26127.0,826,8.0,127,Michigan,Oceana,26467,3120.867495371595,30.226319567763632,0.009685230024213076,13.0,49.11776929761572,7.55657989194091,63.15141766836333,1.0795114131344157,128.0,51.693359375
467606,2020-11-11,Oceana,Michigan,26127.0,836,8.0,127,Michigan,Oceana,26467,3158.6503948312993,30.226319567763632,0.009569377990430622,10.0,37.78289945970437,0.0,59.912883428960086,1.0795114131344157,127.0,52.10039370078741
467607,2020-11-12,Oceana,Michigan,26127.0,861,8.0,127,Michigan,Oceana,26467,3253.107643480561,30.226319567763632,0.009291521486643438,25.0,94.4572486492616,0.0,63.15141766836333,1.0795114131344157,136.0,48.65257352941177
467608,2020-11-13,Oceana,Michigan,26127.0,886,8.0,127,Michigan,Oceana,26467,3347.564892129822,30.226319567763632,0.009029345372460496,25.0,94.45724864926115,0.0,63.151417668363266,1.0795114131344157,142.0,46.596830985915496
467609,2020-11-14,Oceana,Michigan,26127.0,892,8.0,127,Michigan,Oceana,26467,3370.234631805645,30.226319567763632,0.008968609865470852,6.0,22.669739675823166,0.0,60.99239484209453,1.0795114131344157,123.0,53.79471544715447
467610,2020-11-15,Oceana,Michigan,26127.0,892,8.0,127,Michigan,Oceana,26467,3370.234631805645,30.226319567763632,0.008968609865470852,0.0,0.0,0.0,60.99239484209453,1.0795114131344157,113.0,58.55530973451328
467611,2020-11-16,Oceana,Michigan,26127.0,950,9.0,127,Michigan,Oceana,26467,3589.3754486719313,34.00460951373409,0.009473684210526316,58.0,219.14081686628606,3.7782899459704566,73.94653179970744,1.6192671197016237,171.0,38.69444444444444
467612,2020-11-17,Oceana,Michigan,26127.0,970,9.0,127,Michigan,Oceana,26467,3664.94124759134,34.00460951373409,0.009278350515463918,20.0,75.56579891940873,0.0,77.72482174567787,0.5397557065672081,157.0,42.144904458598724
467613,2020-11-18,Oceana,Michigan,26127.0,983,10.0,127,Michigan,Oceana,26467,3714.059016888956,37.78289945970454,0.01017293997965412,13.0,49.11776929761618,3.7782899459704495,79.34408886537956,1.0795114131344152,157.0,42.144904458598724
467614,2020-11-19,Oceana,Michigan,26127.0,1003,11.0,127,Michigan,Oceana,26467,3789.624815808365,41.561189405674995,0.010967098703888335,20.0,75.56579891940873,3.7782899459704566,76.64531033254343,1.6192671197016233,167.0,39.62125748502994
467615,2020-11-20,Oceana,Michigan,26127.0,1026,11.0,127,Michigan,Oceana,26467,3876.5254845656855,41.561189405674995,0.010721247563352826,23.0,86.90066875732055,0.0,75.56579891940906,1.6192671197016233,165.0,40.10151515151515
467616,2020-11-21,Oceana,Michigan,26127.0,1039,13.0,127,Michigan,Oceana,26467,3925.643253863301,49.117769297615894,0.012512030798845043,13.0,49.11776929761572,7.556579891940899,79.34408886537942,2.6987785328360374,153.0,43.24673202614379
467617,2020-11-22,Oceana,Michigan,26127.0,1039,13.0,127,Michigan,Oceana,26467,3925.643253863301,49.117769297615894,0.012512030798845043,0.0,0.0,0.0,79.34408886537942,2.6987785328360374,147.0,45.01190476190476
467618,2020-11-23,Oceana,Michigan,26127.0,1092,13.0,127,Michigan,Oceana,26467,4125.892620999735,49.117769297615894,0.011904761904761904,53.0,200.2493671364341,0.0,76.64531033254343,2.159022826268829,200.0,33.08375
467619,2020-11-24,Oceana,Michigan,26127.0,1110,16.0,127,Michigan,Oceana,26467,4193.901840027204,60.452639135527264,0.014414414414414415,18.0,68.00921902746904,11.33486983791137,75.56579891940919,3.7782899459704535,160.0,41.3546875
467620,2020-11-25,Oceana,Michigan,26127.0,1122,16.0,127,Michigan,Oceana,26467,4239.241319378849,60.452639135527264,0.0142602495543672,12.0,45.33947935164451,0.0,75.02604321284181,3.2385342394032466,152.0,43.53125
467621,2020-11-26,Oceana,Michigan,26127.0,1122,16.0,127,Michigan,Oceana,26467,4239.241319378849,60.452639135527264,0.0142602495543672,0.0,0.0,0.0,64.2309290814977,2.6987785328360383,139.0,47.602517985611506
467622,2020-11-27,Oceana,Michigan,26127.0,1180,16.0,127,Michigan,Oceana,26467,4458.382136245135,60.452639135527264,0.013559322033898305,58.0,219.1408168662865,0.0,83.12237881134999,2.6987785328360383,177.0,37.382768361581924
467623,2020-11-28,Oceana,Michigan,26127.0,1190,16.0,127,Michigan,Oceana,26467,4496.165035704839,60.452639135527264,0.013445378151260505,10.0,37.78289945970391,0.0,81.5031116916483,1.6192671197016242,164.0,40.34603658536585
467624,2020-11-29,Oceana,Michigan,26127.0,1190,16.0,127,Michigan,Oceana,26467,4496.165035704839,60.452639135527264,0.013445378151260505,0.0,0.0,0.0,81.5031116916483,1.6192671197016242,151.0,43.81953642384106
467625,2020-11-30,Oceana,Michigan,26127.0,1212,16.0,127,Michigan,Oceana,26467,4579.28741451619,60.452639135527264,0.013201320132013201,22.0,83.12237881135115,0.0,64.77068478806503,1.6192671197016242,173.0,38.24710982658959
467626,2020-12-01,Oceana,Michigan,26127.0,1222,22.0,127,Michigan,Oceana,26467,4617.070313975894,83.12237881134999,0.01800327332242226,10.0,37.78289945970391,22.669739675822726,60.45263913552714,3.2385342394032466,130.0,50.89807692307692
467627,2020-12-02,Oceana,Michigan,26127.0,1250,23.0,127,Michigan,Oceana,26467,4722.862432463067,86.90066875732045,0.0184,28.0,105.79211848717296,3.7782899459704566,69.08873044060263,3.7782899459704544,140.0,47.2625
467628,2020-12-03,Oceana,Michigan,26127.0,1291,24.0,127,Michigan,Oceana,26467,4877.7723202478555,90.67895870329089,0.018590240123934933,41.0,154.90988778478822,3.7782899459704424,91.2187144098581,4.318045652537661,169.0,39.15236686390533
467629,2020-12-04,Oceana,Michigan,26127.0,1324,24.0,127,Michigan,Oceana,26467,5002.455888464881,90.67895870329089,0.01812688821752266,33.0,124.68356821702582,0.0,77.724821745678,4.318045652537661,202.0,32.75618811881188
467630,2020-12-05,Oceana,Michigan,26127.0,1328,25.0,127,Michigan,Oceana,26467,5017.569048248763,94.45724864926135,0.01882530120481928,4.0,15.113159783881201,3.7782899459704566,74.48628750627475,4.857801359104869,148.0,44.70777027027027
467631,2020-12-06,Oceana,Michigan,26127.0,1328,25.0,127,Michigan,Oceana,26467,5017.569048248763,94.45724864926135,0.01882530120481928,0.0,0.0,0.0,74.48628750627475,4.857801359104869,138.0,47.94746376811594
467632,2020-12-07,Oceana,Michigan,26127.0,1362,29.0,127,Michigan,Oceana,26467,5146.030906411758,109.57040843314317,0.021292217327459617,34.0,128.46185816299567,15.113159783881827,80.96335598508111,7.016824185373701,172.0,38.469476744186046
467633,2020-12-08,Oceana,Michigan,26127.0,1402,29.0,127,Michigan,Oceana,26467,5297.162504250577,109.57040843314317,0.020684736091298145,40.0,151.13159783881838,0.0,97.15602718209746,3.7782899459704544,190.0,34.825
467634,2020-12-09,Oceana,Michigan,26127.0,1424,29.0,127,Michigan,Oceana,26467,5380.284883061926,109.57040843314317,0.020365168539325844,22.0,83.12237881134934,0.0,93.9174929426941,3.2385342394032466,202.0,32.75618811881188
467635,2020-12-10,Oceana,Michigan,26127.0,1440,30.0,127,Michigan,Oceana,26467,5440.7375221974535,113.34869837911361,0.020833333333333332,16.0,60.452639135527534,3.7782899459704424,80.42360027851399,3.2385342394032466,190.0,34.825
467636,2020-12-11,Oceana,Michigan,26127.0,1456,31.0,127,Michigan,Oceana,26467,5501.190161332981,117.12698832508407,0.021291208791208792,16.0,60.452639135527534,3.7782899459704566,71.24775326687138,3.7782899459704544,165.0,40.10151515151515
467637,2020-12-12,Oceana,Michigan,26127.0,1461,31.0,127,Michigan,Oceana,26467,5520.081611062833,117.12698832508407,0.021218343600273786,5.0,18.891449729851956,0.0,71.78750897343863,3.2385342394032466,137.0,48.29744525547445
467638,2020-12-13,Oceana,Michigan,26127.0,1461,31.0,127,Michigan,Oceana,26467,5520.081611062833,117.12698832508407,0.021218343600273786,0.0,0.0,0.0,71.78750897343863,3.2385342394032466,133.0,49.75
467639,2020-12-14,Oceana,Michigan,26127.0,1489,32.0,127,Michigan,Oceana,26467,5625.873729550006,120.90527827105453,0.021490933512424447,28.0,105.79211848717296,3.7782899459704566,68.54897473403538,1.6192671197016222,161.0,41.09782608695652
467640,2020-12-15,Oceana,Michigan,26127.0,1501,33.0,127,Michigan,Oceana,26467,5671.21320890165,124.68356821702497,0.021985343104596936,12.0,45.33947935164451,3.7782899459704424,53.43581495015341,2.1590228262688282,139.0,47.602517985611506
467641,2020-12-16,Oceana,Michigan,26127.0,1509,33.0,127,Michigan,Oceana,26467,5701.439528469415,124.68356821702497,0.02186878727634195,8.0,30.22631956776422,0.0,45.87923505821267,2.1590228262688282,107.0,61.838785046728965
467642,2020-12-17,Oceana,Michigan,26127.0,1524,33.0,127,Michigan,Oceana,26467,5758.113877658971,124.68356821702497,0.021653543307086614,15.0,56.67434918955678,0.0,45.33947935164542,1.6192671197016222,100.0,66.1675
467643,2020-12-18,Oceana,Michigan,26127.0,1532,33.0,127,Michigan,Oceana,26467,5788.340197226735,124.68356821702497,0.02154046997389034,8.0,30.226319567763312,0.0,41.021433699107675,1.0795114131344141,92.0,71.9211956521739
467644,2020-12-19,Oceana,Michigan,26127.0,1537,34.0,127,Michigan,Oceana,26467,5807.231646956587,128.4618581629954,0.022121014964216004,5.0,18.891449729851956,3.7782899459704424,41.021433699107675,1.6192671197016202,81.0,81.68827160493827
467645,2020-12-20,Oceana,Michigan,26127.0,1537,34.0,127,Michigan,Oceana,26467,5807.231646956587,128.4618581629954,0.022121014964216004,0.0,0.0,0.0,41.021433699107675,1.6192671197016202,76.0,87.0625
467646,2020-12-21,Oceana,Michigan,26127.0,1550,35.0,127,Michigan,Oceana,26467,5856.349416254204,132.24014810896588,0.02258064516129032,13.0,49.11776929761709,3.778289945970471,32.9250981005997,1.6192671197016222,89.0,74.34550561797752
467647,2020-12-22,Oceana,Michigan,26127.0,1556,39.0,127,Michigan,Oceana,26467,5879.019155930026,147.3533078928477,0.02506426735218509,6.0,22.669739675821802,15.113159783881827,29.68656386119645,3.2385342394032484,67.0,98.75746268656717
467648,2020-12-23,Oceana,Michigan,26127.0,1563,39.0,127,Michigan,Oceana,26467,5905.467185551819,147.3533078928477,0.02495201535508637,7.0,26.448029621793467,0.0,29.146808154629202,3.2385342394032484,62.0,106.72177419354838
467649,2020-12-24,Oceana,Michigan,26127.0,1563,39.0,127,Michigan,Oceana,26467,5905.467185551819,147.3533078928477,0.02495201535508637,0.0,0.0,0.0,21.05047255612109,3.2385342394032484,54.0,122.53240740740742
467650,2020-12-25,Oceana,Michigan,26127.0,1563,39.0,127,Michigan,Oceana,26467,5905.467185551819,147.3533078928477,0.02495201535508637,0.0,0.0,0.0,16.732426903583473,3.2385342394032484,39.0,169.6602564102564
467651,2020-12-26,Oceana,Michigan,26127.0,1587,41.0,127,Michigan,Oceana,26467,5996.14614425511,154.9098877847886,0.0258349086326402,24.0,90.67895870329085,7.556579891940885,26.987785328360456,3.7782899459704544,55.0,120.30454545454545
467652,2020-12-27,Oceana,Michigan,26127.0,1587,41.0,127,Michigan,Oceana,26467,5996.14614425511,154.9098877847886,0.0258349086326402,0.0,0.0,0.0,26.987785328360456,3.7782899459704544,50.0,132.335
467653,2020-12-28,Oceana,Michigan,26127.0,1591,42.0,127,Michigan,Oceana,26467,6011.259304038992,158.68817773075907,0.026398491514770583,4.0,15.11315978388211,3.778289945970471,22.12998396925546,3.7782899459704544,54.0,122.53240740740742
467654,2020-12-29,Oceana,Michigan,26127.0,1603,42.0,127,Michigan,Oceana,26467,6056.598783390637,158.68817773075907,0.026200873362445413,12.0,45.33947935164542,0.0,25.368518208658834,1.6192671197016222,53.0,124.8443396226415
467655,2020-12-30,Oceana,Michigan,26127.0,1605,43.0,127,Michigan,Oceana,26467,6064.155363282579,162.4664676767295,0.02679127725856698,2.0,7.55657989194151,3.7782899459704424,22.669739675822843,2.1590228262688282,49.0,135.03571428571428
467656,2020-12-31,Oceana,Michigan,26127.0,1605,43.0,127,Michigan,Oceana,26467,6064.155363282579,162.4664676767295,0.02679127725856698,0.0,0.0,0.0,22.669739675822843,2.1590228262688282,42.0,157.54166666666669
467657,2021-01-01,Oceana,Michigan,26127.0,1605,43.0,127,Michigan,Oceana,26467,6064.155363282579,162.4664676767295,0.02679127725856698,0.0,0.0,0.0,22.669739675822843,2.1590228262688282,42.0,157.54166666666669
467658,2021-01-02,Oceana,Michigan,26127.0,1631,43.0,127,Michigan,Oceana,26467,6162.39090187781,162.4664676767295,0.026364193746167996,26.0,98.23553859523145,0.0,23.749251088957212,1.0795114131344161,68.0,97.30514705882354
467659,2021-01-03,Oceana,Michigan,26127.0,1631,43.0,127,Michigan,Oceana,26467,6162.39090187781,162.4664676767295,0.026364193746167996,0.0,0.0,0.0,23.749251088957212,1.0795114131344161,44.0,150.3806818181818
467660,2021-01-04,Oceana,Michigan,26127.0,1639,43.0,127,Michigan,Oceana,26467,6192.617221445574,162.4664676767295,0.026235509456985967,8.0,30.226319567763312,0.0,25.908273915225955,0.5397557065672061,52.0,127.24519230769232
467661,2021-01-05,Oceana,Michigan,26127.0,1654,43.0,127,Michigan,Oceana,26467,6249.2915706351305,162.4664676767295,0.02599758162031439,15.0,56.67434918955678,0.0,27.527541034927577,0.5397557065672061,63.0,105.02777777777779
467662,2021-01-06,Oceana,Michigan,26127.0,1666,43.0,127,Michigan,Oceana,26467,6294.631049986776,162.4664676767295,0.02581032412965186,12.0,45.33947935164542,0.0,32.92509810059956,0.0,63.0,105.02777777777779
467663,2021-01-07,Oceana,Michigan,26127.0,1681,43.0,127,Michigan,Oceana,26467,6351.305399176333,162.4664676767295,0.02558001189767995,15.0,56.67434918955678,0.0,41.021433699107675,0.0,76.0,87.0625
467664,2021-01-08,Oceana,Michigan,26127.0,1690,44.0,127,Michigan,Oceana,26467,6385.310008690067,166.24475762269998,0.02603550295857988,9.0,34.00460951373407,3.778289945970471,45.879235058212544,0.5397557065672102,85.0,77.84411764705882
467665,2021-01-09,Oceana,Michigan,26127.0,1693,44.0,127,Michigan,Oceana,26467,6396.644878527978,166.24475762269998,0.02598936798582398,3.0,11.334869837911356,0.0,33.46485380716682,0.5397557065672102,88.0,75.1903409090909
467666,2021-01-10,Oceana,Michigan,26127.0,1693,44.0,127,Michigan,Oceana,26467,6396.644878527978,166.24475762269998,0.02598936798582398,0.0,0.0,0.0,33.46485380716682,0.5397557065672102,62.0,106.72177419354838
467667,2021-01-11,Oceana,Michigan,26127.0,1700,43.0,127,Michigan,Oceana,26467,6423.092908149772,162.4664676767295,0.025294117647058825,7.0,26.448029621793467,-3.778289945970471,32.9250981005997,0.0,69.0,95.89492753623188
