,date,county,state,fips,cases,deaths,COUNTY,STNAME,CTYNAME,POPESTIMATE2019,cases_per_100k,deaths_per_100k,death_rate,new_cases,new_cases_per_100k,new_deaths,new_cases_per_100k_ra,new_deaths_ra,active_cases,infected_to_one
811146,2020-08-24,Wallace,Kansas,20199.0,1,0.0,199,Kansas,Wallace,1518,65.87615283267458,0.0,0.0,,,,,,,
811147,2020-08-25,Wallace,Kansas,20199.0,1,0.0,199,Kansas,Wallace,1518,65.87615283267458,0.0,0.0,0.0,0.0,0.0,,,,
811148,2020-08-26,Wallace,Kansas,20199.0,1,0.0,199,Kansas,Wallace,1518,65.87615283267458,0.0,0.0,0.0,0.0,0.0,,,,
811149,2020-08-27,Wallace,Kansas,20199.0,1,0.0,199,Kansas,Wallace,1518,65.87615283267458,0.0,0.0,0.0,0.0,0.0,,,,
811150,2020-08-28,Wallace,Kansas,20199.0,1,0.0,199,Kansas,Wallace,1518,65.87615283267458,0.0,0.0,0.0,0.0,0.0,,,,
811151,2020-08-29,Wallace,Kansas,20199.0,1,0.0,199,Kansas,Wallace,1518,65.87615283267458,0.0,0.0,0.0,0.0,0.0,,,,
811152,2020-08-30,Wallace,Kansas,20199.0,1,0.0,199,Kansas,Wallace,1518,65.87615283267458,0.0,0.0,0.0,0.0,0.0,,,,
811153,2020-08-31,Wallace,Kansas,20199.0,4,0.0,199,Kansas,Wallace,1518,263.5046113306983,0.0,0.0,3.0,197.62845849802375,0.0,28.232636928289107,0.0,,
811154,2020-09-01,Wallace,Kansas,20199.0,4,0.0,199,Kansas,Wallace,1518,263.5046113306983,0.0,0.0,0.0,0.0,0.0,28.232636928289107,0.0,3.0,126.50000000000001
811155,2020-09-02,Wallace,Kansas,20199.0,5,0.0,199,Kansas,Wallace,1518,329.3807641633729,0.0,0.0,1.0,65.87615283267456,0.0,37.643515904385474,0.0,4.0,94.875
811156,2020-09-03,Wallace,Kansas,20199.0,5,0.0,199,Kansas,Wallace,1518,329.3807641633729,0.0,0.0,0.0,0.0,0.0,37.643515904385474,0.0,4.0,94.875
811157,2020-09-04,Wallace,Kansas,20199.0,10,0.0,199,Kansas,Wallace,1518,658.7615283267457,0.0,0.0,5.0,329.3807641633729,0.0,84.69791078486732,0.0,9.0,42.16666666666667
811158,2020-09-05,Wallace,Kansas,20199.0,10,0.0,199,Kansas,Wallace,1518,658.7615283267457,0.0,0.0,0.0,0.0,0.0,84.69791078486732,0.0,9.0,42.16666666666667
811159,2020-09-06,Wallace,Kansas,20199.0,10,0.0,199,Kansas,Wallace,1518,658.7615283267457,0.0,0.0,0.0,0.0,0.0,84.69791078486732,0.0,9.0,42.16666666666667
811160,2020-09-07,Wallace,Kansas,20199.0,10,0.0,199,Kansas,Wallace,1518,658.7615283267457,0.0,0.0,0.0,0.0,0.0,56.465273856578214,0.0,9.0,42.16666666666667
811161,2020-09-08,Wallace,Kansas,20199.0,10,0.0,199,Kansas,Wallace,1518,658.7615283267457,0.0,0.0,0.0,0.0,0.0,56.465273856578214,0.0,6.0,63.25000000000001
811162,2020-09-09,Wallace,Kansas,20199.0,10,0.0,199,Kansas,Wallace,1518,658.7615283267457,0.0,0.0,0.0,0.0,0.0,47.054394880481844,0.0,6.0,63.25000000000001
811163,2020-09-10,Wallace,Kansas,20199.0,10,0.0,199,Kansas,Wallace,1518,658.7615283267457,0.0,0.0,0.0,0.0,0.0,47.054394880481844,0.0,5.0,75.9
811164,2020-09-11,Wallace,Kansas,20199.0,12,0.0,199,Kansas,Wallace,1518,790.5138339920948,0.0,0.0,2.0,131.752305665349,0.0,18.821757952192723,0.0,7.0,54.214285714285715
811165,2020-09-12,Wallace,Kansas,20199.0,12,0.0,199,Kansas,Wallace,1518,790.5138339920948,0.0,0.0,0.0,0.0,0.0,18.821757952192723,0.0,2.0,189.75
811166,2020-09-13,Wallace,Kansas,20199.0,12,0.0,199,Kansas,Wallace,1518,790.5138339920948,0.0,0.0,0.0,0.0,0.0,18.821757952192723,0.0,2.0,189.75
811167,2020-09-14,Wallace,Kansas,20199.0,14,0.0,199,Kansas,Wallace,1518,922.266139657444,0.0,0.0,2.0,131.75230566534924,0.0,37.643515904385474,0.0,4.0,94.875
811168,2020-09-15,Wallace,Kansas,20199.0,14,0.0,199,Kansas,Wallace,1518,922.266139657444,0.0,0.0,0.0,0.0,0.0,37.643515904385474,0.0,4.0,94.875
811169,2020-09-16,Wallace,Kansas,20199.0,16,0.0,199,Kansas,Wallace,1518,1054.0184453227932,0.0,0.0,2.0,131.75230566534924,0.0,56.46527385657822,0.0,6.0,63.25000000000001
811170,2020-09-17,Wallace,Kansas,20199.0,16,0.0,199,Kansas,Wallace,1518,1054.0184453227932,0.0,0.0,0.0,0.0,0.0,56.46527385657822,0.0,6.0,63.25000000000001
811171,2020-09-18,Wallace,Kansas,20199.0,16,0.0,199,Kansas,Wallace,1518,1054.0184453227932,0.0,0.0,0.0,0.0,0.0,37.6435159043855,0.0,6.0,63.25000000000001
811172,2020-09-19,Wallace,Kansas,20199.0,16,0.0,199,Kansas,Wallace,1518,1054.0184453227932,0.0,0.0,0.0,0.0,0.0,37.6435159043855,0.0,4.0,94.875
811173,2020-09-20,Wallace,Kansas,20199.0,16,0.0,199,Kansas,Wallace,1518,1054.0184453227932,0.0,0.0,0.0,0.0,0.0,37.6435159043855,0.0,4.0,94.875
811174,2020-09-21,Wallace,Kansas,20199.0,17,0.0,199,Kansas,Wallace,1518,1119.8945981554677,0.0,0.0,1.0,65.8761528326745,0.0,28.232636928289114,0.0,5.0,75.9
811175,2020-09-22,Wallace,Kansas,20199.0,17,0.0,199,Kansas,Wallace,1518,1119.8945981554677,0.0,0.0,0.0,0.0,0.0,28.232636928289114,0.0,3.0,126.50000000000001
811176,2020-09-23,Wallace,Kansas,20199.0,17,0.0,199,Kansas,Wallace,1518,1119.8945981554677,0.0,0.0,0.0,0.0,0.0,9.410878976096367,0.0,3.0,126.50000000000001
811177,2020-09-24,Wallace,Kansas,20199.0,17,0.0,199,Kansas,Wallace,1518,1119.8945981554677,0.0,0.0,0.0,0.0,0.0,9.410878976096367,0.0,1.0,379.5
811178,2020-09-25,Wallace,Kansas,20199.0,17,0.0,199,Kansas,Wallace,1518,1119.8945981554677,0.0,0.0,0.0,0.0,0.0,9.410878976096367,0.0,1.0,379.5
811179,2020-09-26,Wallace,Kansas,20199.0,17,0.0,199,Kansas,Wallace,1518,1119.8945981554677,0.0,0.0,0.0,0.0,0.0,9.410878976096367,0.0,1.0,379.5
811180,2020-09-27,Wallace,Kansas,20199.0,17,0.0,199,Kansas,Wallace,1518,1119.8945981554677,0.0,0.0,0.0,0.0,0.0,9.410878976096367,0.0,1.0,379.5
811181,2020-09-28,Wallace,Kansas,20199.0,18,0.0,199,Kansas,Wallace,1518,1185.7707509881423,0.0,0.0,1.0,65.8761528326745,0.0,9.410878976096367,0.0,2.0,189.75
811182,2020-09-29,Wallace,Kansas,20199.0,18,0.0,199,Kansas,Wallace,1518,1185.7707509881423,0.0,0.0,0.0,0.0,0.0,9.410878976096367,0.0,1.0,379.5
811183,2020-09-30,Wallace,Kansas,20199.0,19,0.0,199,Kansas,Wallace,1518,1251.6469038208168,0.0,0.0,1.0,65.8761528326745,0.0,18.821757952192723,0.0,2.0,189.75
811184,2020-10-01,Wallace,Kansas,20199.0,19,0.0,199,Kansas,Wallace,1518,1251.6469038208168,0.0,0.0,0.0,0.0,0.0,18.821757952192723,0.0,2.0,189.75
811185,2020-10-02,Wallace,Kansas,20199.0,19,0.0,199,Kansas,Wallace,1518,1251.6469038208168,0.0,0.0,0.0,0.0,0.0,18.821757952192723,0.0,2.0,189.75
811186,2020-10-03,Wallace,Kansas,20199.0,19,0.0,199,Kansas,Wallace,1518,1251.6469038208168,0.0,0.0,0.0,0.0,0.0,18.821757952192723,0.0,2.0,189.75
811187,2020-10-04,Wallace,Kansas,20199.0,19,0.0,199,Kansas,Wallace,1518,1251.6469038208168,0.0,0.0,0.0,0.0,0.0,18.821757952192723,0.0,2.0,189.75
811188,2020-10-05,Wallace,Kansas,20199.0,19,0.0,199,Kansas,Wallace,1518,1251.6469038208168,0.0,0.0,0.0,0.0,0.0,9.410878976096367,0.0,2.0,189.75
811189,2020-10-06,Wallace,Kansas,20199.0,19,0.0,199,Kansas,Wallace,1518,1251.6469038208168,0.0,0.0,0.0,0.0,0.0,9.410878976096367,0.0,1.0,379.5
811190,2020-10-07,Wallace,Kansas,20199.0,20,0.0,199,Kansas,Wallace,1518,1317.5230566534915,0.0,0.0,1.0,65.87615283267473,0.0,9.410878976096399,0.0,2.0,189.75
811191,2020-10-08,Wallace,Kansas,20199.0,20,0.0,199,Kansas,Wallace,1518,1317.5230566534915,0.0,0.0,0.0,0.0,0.0,9.410878976096399,0.0,1.0,379.5
811192,2020-10-09,Wallace,Kansas,20199.0,20,0.0,199,Kansas,Wallace,1518,1317.5230566534915,0.0,0.0,0.0,0.0,0.0,9.410878976096399,0.0,1.0,379.5
811193,2020-10-10,Wallace,Kansas,20199.0,20,0.0,199,Kansas,Wallace,1518,1317.5230566534915,0.0,0.0,0.0,0.0,0.0,9.410878976096399,0.0,1.0,379.5
811194,2020-10-11,Wallace,Kansas,20199.0,20,0.0,199,Kansas,Wallace,1518,1317.5230566534915,0.0,0.0,0.0,0.0,0.0,9.410878976096399,0.0,1.0,379.5
811195,2020-10-12,Wallace,Kansas,20199.0,23,0.0,199,Kansas,Wallace,1518,1515.1515151515152,0.0,0.0,3.0,197.62845849802375,0.0,37.6435159043855,0.0,4.0,94.875
811196,2020-10-13,Wallace,Kansas,20199.0,23,0.0,199,Kansas,Wallace,1518,1515.1515151515152,0.0,0.0,0.0,0.0,0.0,37.6435159043855,0.0,4.0,94.875
811197,2020-10-14,Wallace,Kansas,20199.0,23,0.0,199,Kansas,Wallace,1518,1515.1515151515152,0.0,0.0,0.0,0.0,0.0,28.232636928289114,0.0,4.0,94.875
811198,2020-10-15,Wallace,Kansas,20199.0,23,0.0,199,Kansas,Wallace,1518,1515.1515151515152,0.0,0.0,0.0,0.0,0.0,28.232636928289114,0.0,3.0,126.50000000000001
811199,2020-10-16,Wallace,Kansas,20199.0,27,0.0,199,Kansas,Wallace,1518,1778.6561264822135,0.0,0.0,4.0,263.50461133069825,0.0,65.87615283267458,0.0,7.0,54.214285714285715
811200,2020-10-17,Wallace,Kansas,20199.0,27,0.0,199,Kansas,Wallace,1518,1778.6561264822135,0.0,0.0,0.0,0.0,0.0,65.87615283267458,0.0,7.0,54.214285714285715
811201,2020-10-18,Wallace,Kansas,20199.0,27,0.0,199,Kansas,Wallace,1518,1778.6561264822135,0.0,0.0,0.0,0.0,0.0,65.87615283267458,0.0,7.0,54.214285714285715
811202,2020-10-19,Wallace,Kansas,20199.0,29,0.0,199,Kansas,Wallace,1518,1910.4084321475625,0.0,0.0,2.0,131.752305665349,0.0,56.46527385657818,0.0,9.0,42.16666666666667
811203,2020-10-20,Wallace,Kansas,20199.0,29,0.0,199,Kansas,Wallace,1518,1910.4084321475625,0.0,0.0,0.0,0.0,0.0,56.46527385657818,0.0,6.0,63.25000000000001
811204,2020-10-21,Wallace,Kansas,20199.0,30,0.0,199,Kansas,Wallace,1518,1976.2845849802372,0.0,0.0,1.0,65.87615283267473,0.0,65.87615283267458,0.0,7.0,54.214285714285715
811205,2020-10-22,Wallace,Kansas,20199.0,30,0.0,199,Kansas,Wallace,1518,1976.2845849802372,0.0,0.0,0.0,0.0,0.0,65.87615283267458,0.0,7.0,54.214285714285715
811206,2020-10-23,Wallace,Kansas,20199.0,36,0.0,199,Kansas,Wallace,1518,2371.5415019762845,0.0,0.0,6.0,395.25691699604727,0.0,84.69791078486729,0.0,13.0,29.192307692307693
811207,2020-10-24,Wallace,Kansas,20199.0,36,0.0,199,Kansas,Wallace,1518,2371.5415019762845,0.0,0.0,0.0,0.0,0.0,84.69791078486729,0.0,9.0,42.16666666666667
811208,2020-10-25,Wallace,Kansas,20199.0,36,0.0,199,Kansas,Wallace,1518,2371.5415019762845,0.0,0.0,0.0,0.0,0.0,84.69791078486729,0.0,9.0,42.16666666666667
811209,2020-10-26,Wallace,Kansas,20199.0,40,0.0,199,Kansas,Wallace,1518,2635.046113306983,0.0,0.0,4.0,263.5046113306985,0.0,103.51966873706007,0.0,13.0,29.192307692307693
811210,2020-10-27,Wallace,Kansas,20199.0,52,0.0,199,Kansas,Wallace,1518,3425.5599472990775,0.0,0.0,12.0,790.5138339920945,0.0,216.45021645021643,0.0,23.0,16.5
811211,2020-10-28,Wallace,Kansas,20199.0,59,0.0,199,Kansas,Wallace,1518,3886.6930171278,0.0,0.0,7.0,461.13306982872245,0.0,272.91549030679465,0.0,30.0,12.65
811212,2020-10-29,Wallace,Kansas,20199.0,59,0.0,199,Kansas,Wallace,1518,3886.6930171278,0.0,0.0,0.0,0.0,0.0,272.91549030679465,0.0,29.0,13.086206896551726
811213,2020-10-30,Wallace,Kansas,20199.0,67,0.0,199,Kansas,Wallace,1518,4413.702239789196,0.0,0.0,8.0,527.009222661396,0.0,291.7372482589874,0.0,37.0,10.256756756756756
811214,2020-10-31,Wallace,Kansas,20199.0,67,0.0,199,Kansas,Wallace,1518,4413.702239789196,0.0,0.0,0.0,0.0,0.0,291.7372482589874,0.0,31.0,12.241935483870968
811215,2020-11-01,Wallace,Kansas,20199.0,67,0.0,199,Kansas,Wallace,1518,4413.702239789196,0.0,0.0,0.0,0.0,0.0,291.7372482589874,0.0,31.0,12.241935483870968
811216,2020-11-02,Wallace,Kansas,20199.0,82,0.0,199,Kansas,Wallace,1518,5401.844532279315,0.0,0.0,15.0,988.142292490119,0.0,395.2569169960475,0.0,46.0,8.25
811217,2020-11-03,Wallace,Kansas,20199.0,82,0.0,199,Kansas,Wallace,1518,5401.844532279315,0.0,0.0,0.0,0.0,0.0,282.3263692828911,0.0,42.0,9.035714285714286
811218,2020-11-04,Wallace,Kansas,20199.0,89,0.0,199,Kansas,Wallace,1518,5862.977602108037,0.0,0.0,7.0,461.133069828722,0.0,282.32636928289105,0.0,37.0,10.256756756756756
811219,2020-11-05,Wallace,Kansas,20199.0,89,0.0,199,Kansas,Wallace,1518,5862.977602108037,0.0,0.0,0.0,0.0,0.0,282.32636928289105,0.0,30.0,12.65
811220,2020-11-06,Wallace,Kansas,20199.0,97,0.0,199,Kansas,Wallace,1518,6389.986824769434,0.0,0.0,8.0,527.009222661397,0.0,282.3263692828912,0.0,38.0,9.986842105263158
811221,2020-11-07,Wallace,Kansas,20199.0,97,0.0,199,Kansas,Wallace,1518,6389.986824769434,0.0,0.0,0.0,0.0,0.0,282.3263692828912,0.0,30.0,12.65
811222,2020-11-08,Wallace,Kansas,20199.0,97,0.0,199,Kansas,Wallace,1518,6389.986824769434,0.0,0.0,0.0,0.0,0.0,282.3263692828912,0.0,30.0,12.65
811223,2020-11-09,Wallace,Kansas,20199.0,104,0.0,199,Kansas,Wallace,1518,6851.119894598155,0.0,0.0,7.0,461.1330698287211,0.0,207.03933747412006,0.0,37.0,10.256756756756756
811224,2020-11-10,Wallace,Kansas,20199.0,104,0.0,199,Kansas,Wallace,1518,6851.119894598155,0.0,0.0,0.0,0.0,0.0,207.03933747412006,0.0,22.0,17.25
811225,2020-11-11,Wallace,Kansas,20199.0,107,0.0,199,Kansas,Wallace,1518,7048.748353096179,0.0,0.0,3.0,197.62845849802397,0.0,169.39582156973464,0.0,25.0,15.18
811226,2020-11-12,Wallace,Kansas,20199.0,107,0.0,199,Kansas,Wallace,1518,7048.748353096179,0.0,0.0,0.0,0.0,0.0,169.39582156973464,0.0,18.0,21.083333333333336
811227,2020-11-13,Wallace,Kansas,20199.0,116,0.0,199,Kansas,Wallace,1518,7641.63372859025,0.0,0.0,9.0,592.885375494071,0.0,178.80670054583092,0.0,27.0,14.055555555555554
811228,2020-11-14,Wallace,Kansas,20199.0,118,0.0,199,Kansas,Wallace,1518,7773.3860342556,0.0,0.0,2.0,131.75230566534992,0.0,197.62845849802378,0.0,21.0,18.071428571428573
811229,2020-11-15,Wallace,Kansas,20199.0,118,0.0,199,Kansas,Wallace,1518,7773.3860342556,0.0,0.0,0.0,0.0,0.0,197.62845849802378,0.0,21.0,18.071428571428573
811230,2020-11-16,Wallace,Kansas,20199.0,124,0.0,199,Kansas,Wallace,1518,8168.642951251646,0.0,0.0,6.0,395.25691699604613,0.0,188.21757952192735,0.0,27.0,14.055555555555554
811231,2020-11-17,Wallace,Kansas,20199.0,124,0.0,199,Kansas,Wallace,1518,8168.642951251646,0.0,0.0,0.0,0.0,0.0,188.21757952192735,0.0,20.0,18.975
811232,2020-11-18,Wallace,Kansas,20199.0,128,0.0,199,Kansas,Wallace,1518,8432.147562582346,0.0,0.0,4.0,263.50461133069984,0.0,197.62845849802392,0.0,24.0,15.812500000000002
811233,2020-11-19,Wallace,Kansas,20199.0,128,0.0,199,Kansas,Wallace,1518,8432.147562582346,0.0,0.0,0.0,0.0,0.0,197.62845849802392,0.0,21.0,18.071428571428573
811234,2020-11-20,Wallace,Kansas,20199.0,133,0.0,199,Kansas,Wallace,1518,8761.528326745718,0.0,0.0,5.0,329.3807641633721,0.0,159.98494259363835,0.0,26.0,14.596153846153847
811235,2020-11-21,Wallace,Kansas,20199.0,133,0.0,199,Kansas,Wallace,1518,8761.528326745718,0.0,0.0,0.0,0.0,0.0,141.1631846414455,0.0,17.0,22.323529411764703
811236,2020-11-22,Wallace,Kansas,20199.0,133,0.0,199,Kansas,Wallace,1518,8761.528326745718,0.0,0.0,0.0,0.0,0.0,141.1631846414455,0.0,15.0,25.3
811237,2020-11-23,Wallace,Kansas,20199.0,135,0.0,199,Kansas,Wallace,1518,8893.280632411068,0.0,0.0,2.0,131.75230566534992,0.0,103.51966873706033,0.0,17.0,22.323529411764703
811238,2020-11-24,Wallace,Kansas,20199.0,135,0.0,199,Kansas,Wallace,1518,8893.280632411068,0.0,0.0,0.0,0.0,0.0,103.51966873706033,0.0,11.0,34.5
811239,2020-11-25,Wallace,Kansas,20199.0,137,0.0,199,Kansas,Wallace,1518,9025.032938076416,0.0,0.0,2.0,131.7523056653481,0.0,84.69791078486722,0.0,13.0,29.192307692307693
811240,2020-11-26,Wallace,Kansas,20199.0,137,0.0,199,Kansas,Wallace,1518,9025.032938076416,0.0,0.0,0.0,0.0,0.0,84.69791078486722,0.0,9.0,42.16666666666667
811241,2020-11-27,Wallace,Kansas,20199.0,137,0.0,199,Kansas,Wallace,1518,9025.032938076416,0.0,0.0,0.0,0.0,0.0,37.643515904385495,0.0,9.0,42.16666666666667
811242,2020-11-28,Wallace,Kansas,20199.0,137,0.0,199,Kansas,Wallace,1518,9025.032938076416,0.0,0.0,0.0,0.0,0.0,37.643515904385495,0.0,4.0,94.875
811243,2020-11-29,Wallace,Kansas,20199.0,137,0.0,199,Kansas,Wallace,1518,9025.032938076416,0.0,0.0,0.0,0.0,0.0,37.643515904385495,0.0,4.0,94.875
811244,2020-11-30,Wallace,Kansas,20199.0,137,0.0,199,Kansas,Wallace,1518,9025.032938076416,0.0,0.0,0.0,0.0,0.0,18.82175795219265,0.0,4.0,94.875
811245,2020-12-01,Wallace,Kansas,20199.0,138,0.0,199,Kansas,Wallace,1518,9090.909090909092,0.0,0.0,1.0,65.87615283267587,0.0,28.232636928289203,0.0,3.0,126.50000000000001
811246,2020-12-02,Wallace,Kansas,20199.0,138,0.0,199,Kansas,Wallace,1518,9090.909090909092,0.0,0.0,0.0,0.0,0.0,9.410878976096617,0.0,3.0,126.50000000000001
811247,2020-12-03,Wallace,Kansas,20199.0,138,0.0,199,Kansas,Wallace,1518,9090.909090909092,0.0,0.0,0.0,0.0,0.0,9.410878976096617,0.0,1.0,379.5
811248,2020-12-04,Wallace,Kansas,20199.0,143,0.0,199,Kansas,Wallace,1518,9420.289855072464,0.0,0.0,5.0,329.3807641633721,0.0,56.46527385657834,0.0,6.0,63.25000000000001
811249,2020-12-05,Wallace,Kansas,20199.0,143,0.0,199,Kansas,Wallace,1518,9420.289855072464,0.0,0.0,0.0,0.0,0.0,56.46527385657834,0.0,6.0,63.25000000000001
811250,2020-12-06,Wallace,Kansas,20199.0,143,0.0,199,Kansas,Wallace,1518,9420.289855072464,0.0,0.0,0.0,0.0,0.0,56.46527385657834,0.0,6.0,63.25000000000001
811251,2020-12-07,Wallace,Kansas,20199.0,148,0.0,199,Kansas,Wallace,1518,9749.670619235836,0.0,0.0,5.0,329.3807641633721,0.0,103.51966873706007,0.0,11.0,34.5
811252,2020-12-08,Wallace,Kansas,20199.0,148,0.0,199,Kansas,Wallace,1518,9749.670619235836,0.0,0.0,0.0,0.0,0.0,94.10878976096352,0.0,11.0,34.5
811253,2020-12-09,Wallace,Kansas,20199.0,148,0.0,199,Kansas,Wallace,1518,9749.670619235836,0.0,0.0,0.0,0.0,0.0,94.10878976096352,0.0,10.0,37.95
811254,2020-12-10,Wallace,Kansas,20199.0,148,0.0,199,Kansas,Wallace,1518,9749.670619235836,0.0,0.0,0.0,0.0,0.0,94.10878976096352,0.0,10.0,37.95
811255,2020-12-11,Wallace,Kansas,20199.0,151,0.0,199,Kansas,Wallace,1518,9947.29907773386,0.0,0.0,3.0,197.62845849802397,0.0,75.28703180877093,0.0,13.0,29.192307692307693
811256,2020-12-12,Wallace,Kansas,20199.0,151,0.0,199,Kansas,Wallace,1518,9947.29907773386,0.0,0.0,0.0,0.0,0.0,75.28703180877093,0.0,8.0,47.4375
811257,2020-12-13,Wallace,Kansas,20199.0,151,0.0,199,Kansas,Wallace,1518,9947.29907773386,0.0,0.0,0.0,0.0,0.0,75.28703180877093,0.0,8.0,47.4375
811258,2020-12-14,Wallace,Kansas,20199.0,151,0.0,199,Kansas,Wallace,1518,9947.29907773386,0.0,0.0,0.0,0.0,0.0,28.232636928289203,0.0,8.0,47.4375
811259,2020-12-15,Wallace,Kansas,20199.0,151,0.0,199,Kansas,Wallace,1518,9947.29907773386,0.0,0.0,0.0,0.0,0.0,28.232636928289203,0.0,3.0,126.50000000000001
811260,2020-12-16,Wallace,Kansas,20199.0,158,0.0,199,Kansas,Wallace,1518,10408.432147562582,0.0,0.0,7.0,461.133069828722,0.0,94.10878976096377,0.0,10.0,37.95
811261,2020-12-17,Wallace,Kansas,20199.0,158,0.0,199,Kansas,Wallace,1518,10408.432147562582,0.0,0.0,0.0,0.0,0.0,94.10878976096377,0.0,10.0,37.95
