,date,county,state,fips,cases,deaths,COUNTY,STNAME,CTYNAME,POPESTIMATE2019,cases_per_100k,deaths_per_100k,death_rate,new_cases,new_cases_per_100k,new_deaths,new_cases_per_100k_ra,new_deaths_ra,active_cases,infected_to_one
890156,2020-10-04,Hayes,Nebraska,31085.0,1,0.0,85,Nebraska,Hayes,922,108.45986984815619,0.0,0.0,,,,,,,
890157,2020-10-05,Hayes,Nebraska,31085.0,1,0.0,85,Nebraska,Hayes,922,108.45986984815619,0.0,0.0,0.0,0.0,0.0,,,,
890158,2020-10-06,Hayes,Nebraska,31085.0,2,0.0,85,Nebraska,Hayes,922,216.91973969631238,0.0,0.0,1.0,108.45986984815619,0.0,,,,
890159,2020-10-07,Hayes,Nebraska,31085.0,2,0.0,85,Nebraska,Hayes,922,216.91973969631238,0.0,0.0,0.0,0.0,0.0,,,,
890160,2020-10-08,Hayes,Nebraska,31085.0,2,0.0,85,Nebraska,Hayes,922,216.91973969631238,0.0,0.0,0.0,0.0,0.0,,,,
890161,2020-10-09,Hayes,Nebraska,31085.0,2,0.0,85,Nebraska,Hayes,922,216.91973969631238,0.0,0.0,0.0,0.0,0.0,,,,
890162,2020-10-10,Hayes,Nebraska,31085.0,2,0.0,85,Nebraska,Hayes,922,216.91973969631238,0.0,0.0,0.0,0.0,0.0,,,,
890163,2020-10-11,Hayes,Nebraska,31085.0,3,0.0,85,Nebraska,Hayes,922,325.3796095444685,0.0,0.0,1.0,108.45986984815613,0.0,30.98853424233033,0.0,,
890164,2020-10-12,Hayes,Nebraska,31085.0,4,0.0,85,Nebraska,Hayes,922,433.83947939262475,0.0,0.0,1.0,108.45986984815625,0.0,46.48280136349551,0.0,3.0,76.83333333333334
890165,2020-10-13,Hayes,Nebraska,31085.0,5,0.0,85,Nebraska,Hayes,922,542.2993492407809,0.0,0.0,1.0,108.45986984815613,0.0,46.482801363495504,0.0,4.0,57.625
890166,2020-10-14,Hayes,Nebraska,31085.0,6,0.0,85,Nebraska,Hayes,922,650.759219088937,0.0,0.0,1.0,108.45986984815613,0.0,61.97706848466066,0.0,4.0,57.625
890167,2020-10-15,Hayes,Nebraska,31085.0,6,0.0,85,Nebraska,Hayes,922,650.759219088937,0.0,0.0,0.0,0.0,0.0,61.97706848466066,0.0,4.0,57.625
890168,2020-10-16,Hayes,Nebraska,31085.0,13,0.0,85,Nebraska,Hayes,922,1409.9783080260304,0.0,0.0,7.0,759.2190889370934,0.0,170.43693833281688,0.0,11.0,20.954545454545457
890169,2020-10-17,Hayes,Nebraska,31085.0,13,0.0,85,Nebraska,Hayes,922,1409.9783080260304,0.0,0.0,0.0,0.0,0.0,170.43693833281688,0.0,11.0,20.954545454545457
890170,2020-10-18,Hayes,Nebraska,31085.0,14,0.0,85,Nebraska,Hayes,922,1518.4381778741865,0.0,0.0,1.0,108.45986984815613,0.0,170.43693833281688,0.0,12.0,19.208333333333336
890171,2020-10-19,Hayes,Nebraska,31085.0,14,0.0,85,Nebraska,Hayes,922,1518.4381778741865,0.0,0.0,0.0,0.0,0.0,154.94267121165169,0.0,11.0,20.954545454545457
890172,2020-10-20,Hayes,Nebraska,31085.0,15,0.0,85,Nebraska,Hayes,922,1626.8980477223427,0.0,0.0,1.0,108.45986984815613,0.0,154.94267121165169,0.0,11.0,20.954545454545457
890173,2020-10-21,Hayes,Nebraska,31085.0,15,0.0,85,Nebraska,Hayes,922,1626.8980477223427,0.0,0.0,0.0,0.0,0.0,139.44840409048652,0.0,10.0,23.05
890174,2020-10-22,Hayes,Nebraska,31085.0,19,0.0,85,Nebraska,Hayes,922,2060.7375271149676,0.0,0.0,4.0,433.839479392625,0.0,201.42547257514724,0.0,13.0,17.73076923076923
890175,2020-10-23,Hayes,Nebraska,31085.0,20,0.0,85,Nebraska,Hayes,922,2169.1973969631235,0.0,0.0,1.0,108.4598698481559,0.0,108.45986984815616,0.0,14.0,16.464285714285715
890176,2020-10-24,Hayes,Nebraska,31085.0,20,0.0,85,Nebraska,Hayes,922,2169.1973969631235,0.0,0.0,0.0,0.0,0.0,108.45986984815616,0.0,7.0,32.92857142857143
890177,2020-10-25,Hayes,Nebraska,31085.0,20,0.0,85,Nebraska,Hayes,922,2169.1973969631235,0.0,0.0,0.0,0.0,0.0,92.96560272699101,0.0,7.0,32.92857142857143
890178,2020-10-26,Hayes,Nebraska,31085.0,21,0.0,85,Nebraska,Hayes,922,2277.65726681128,0.0,0.0,1.0,108.45986984815636,0.0,108.4598698481562,0.0,7.0,32.92857142857143
890179,2020-10-27,Hayes,Nebraska,31085.0,23,0.0,85,Nebraska,Hayes,922,2494.577006507592,0.0,0.0,2.0,216.91973969631226,0.0,123.95413696932135,0.0,9.0,25.61111111111111
890180,2020-10-28,Hayes,Nebraska,31085.0,23,0.0,85,Nebraska,Hayes,922,2494.577006507592,0.0,0.0,0.0,0.0,0.0,123.95413696932135,0.0,8.0,28.8125
890181,2020-10-29,Hayes,Nebraska,31085.0,23,0.0,85,Nebraska,Hayes,922,2494.577006507592,0.0,0.0,0.0,0.0,0.0,61.97706848466065,0.0,8.0,28.8125
890182,2020-10-30,Hayes,Nebraska,31085.0,23,0.0,85,Nebraska,Hayes,922,2494.577006507592,0.0,0.0,0.0,0.0,0.0,46.48280136349552,0.0,4.0,57.625
890183,2020-10-31,Hayes,Nebraska,31085.0,25,0.0,85,Nebraska,Hayes,922,2711.4967462039044,0.0,0.0,2.0,216.91973969631226,0.0,77.47133560582584,0.0,5.0,46.1
890184,2020-11-01,Hayes,Nebraska,31085.0,25,0.0,85,Nebraska,Hayes,922,2711.4967462039044,0.0,0.0,0.0,0.0,0.0,77.47133560582584,0.0,5.0,46.1
890185,2020-11-02,Hayes,Nebraska,31085.0,26,0.0,85,Nebraska,Hayes,922,2819.956616052061,0.0,0.0,1.0,108.45986984815636,0.0,77.47133560582584,0.0,6.0,38.41666666666667
890186,2020-11-03,Hayes,Nebraska,31085.0,27,0.0,85,Nebraska,Hayes,922,2928.416485900217,0.0,0.0,1.0,108.45986984815636,0.0,61.97706848466071,0.0,6.0,38.41666666666667
890187,2020-11-04,Hayes,Nebraska,31085.0,27,0.0,85,Nebraska,Hayes,922,2928.416485900217,0.0,0.0,0.0,0.0,0.0,61.97706848466071,0.0,4.0,57.625
890188,2020-11-05,Hayes,Nebraska,31085.0,27,0.0,85,Nebraska,Hayes,922,2928.416485900217,0.0,0.0,0.0,0.0,0.0,61.97706848466071,0.0,4.0,57.625
890189,2020-11-06,Hayes,Nebraska,31085.0,29,0.0,85,Nebraska,Hayes,922,3145.3362255965294,0.0,0.0,2.0,216.91973969631226,0.0,92.96560272699104,0.0,6.0,38.41666666666667
890190,2020-11-07,Hayes,Nebraska,31085.0,29,0.0,85,Nebraska,Hayes,922,3145.3362255965294,0.0,0.0,0.0,0.0,0.0,61.97706848466071,0.0,6.0,38.41666666666667
890191,2020-11-08,Hayes,Nebraska,31085.0,29,0.0,85,Nebraska,Hayes,922,3145.3362255965294,0.0,0.0,0.0,0.0,0.0,61.97706848466071,0.0,4.0,57.625
890192,2020-11-09,Hayes,Nebraska,31085.0,29,0.0,85,Nebraska,Hayes,922,3145.3362255965294,0.0,0.0,0.0,0.0,0.0,46.48280136349552,0.0,4.0,57.625
890193,2020-11-10,Hayes,Nebraska,31085.0,29,0.0,85,Nebraska,Hayes,922,3145.3362255965294,0.0,0.0,0.0,0.0,0.0,30.988534242330324,0.0,3.0,76.83333333333334
890194,2020-11-11,Hayes,Nebraska,31085.0,29,0.0,85,Nebraska,Hayes,922,3145.3362255965294,0.0,0.0,0.0,0.0,0.0,30.988534242330324,0.0,2.0,115.25
890195,2020-11-12,Hayes,Nebraska,31085.0,29,0.0,85,Nebraska,Hayes,922,3145.3362255965294,0.0,0.0,0.0,0.0,0.0,30.988534242330324,0.0,2.0,115.25
890196,2020-11-13,Hayes,Nebraska,31085.0,29,0.0,85,Nebraska,Hayes,922,3145.3362255965294,0.0,0.0,0.0,0.0,0.0,0.0,0.0,2.0,115.25
890197,2020-11-14,Hayes,Nebraska,31085.0,32,0.0,85,Nebraska,Hayes,922,3470.715835140998,0.0,0.0,3.0,325.3796095444686,0.0,46.48280136349552,0.0,3.0,76.83333333333334
890198,2020-11-15,Hayes,Nebraska,31085.0,32,0.0,85,Nebraska,Hayes,922,3470.715835140998,0.0,0.0,0.0,0.0,0.0,46.48280136349552,0.0,3.0,76.83333333333334
890199,2020-11-16,Hayes,Nebraska,31085.0,33,0.0,85,Nebraska,Hayes,922,3579.1757049891544,0.0,0.0,1.0,108.45986984815636,0.0,61.97706848466071,0.0,4.0,57.625
890200,2020-11-17,Hayes,Nebraska,31085.0,33,0.0,85,Nebraska,Hayes,922,3579.1757049891544,0.0,0.0,0.0,0.0,0.0,61.97706848466071,0.0,4.0,57.625
890201,2020-11-18,Hayes,Nebraska,31085.0,35,0.0,85,Nebraska,Hayes,922,3796.095444685466,0.0,0.0,2.0,216.9197396963118,0.0,92.96560272699097,0.0,6.0,38.41666666666667
890202,2020-11-19,Hayes,Nebraska,31085.0,37,0.0,85,Nebraska,Hayes,922,4013.015184381779,0.0,0.0,2.0,216.91973969631272,0.0,123.95413696932135,0.0,8.0,28.8125
890203,2020-11-20,Hayes,Nebraska,31085.0,38,0.0,85,Nebraska,Hayes,922,4121.475054229935,0.0,0.0,1.0,108.45986984815636,0.0,139.44840409048655,0.0,9.0,25.61111111111111
890204,2020-11-21,Hayes,Nebraska,31085.0,38,0.0,85,Nebraska,Hayes,922,4121.475054229935,0.0,0.0,0.0,0.0,0.0,92.96560272699104,0.0,9.0,25.61111111111111
890205,2020-11-22,Hayes,Nebraska,31085.0,38,0.0,85,Nebraska,Hayes,922,4121.475054229935,0.0,0.0,0.0,0.0,0.0,92.96560272699104,0.0,6.0,38.41666666666667
890206,2020-11-23,Hayes,Nebraska,31085.0,38,0.0,85,Nebraska,Hayes,922,4121.475054229935,0.0,0.0,0.0,0.0,0.0,77.47133560582584,0.0,6.0,38.41666666666667
890207,2020-11-24,Hayes,Nebraska,31085.0,40,0.0,85,Nebraska,Hayes,922,4338.394793926247,0.0,0.0,2.0,216.9197396963118,0.0,108.4598698481561,0.0,7.0,32.92857142857143
890208,2020-11-25,Hayes,Nebraska,31085.0,42,0.0,85,Nebraska,Hayes,922,4555.31453362256,0.0,0.0,2.0,216.91973969631272,0.0,108.45986984815623,0.0,9.0,25.61111111111111
890209,2020-11-26,Hayes,Nebraska,31085.0,43,0.0,85,Nebraska,Hayes,922,4663.774403470716,0.0,0.0,1.0,108.4598698481559,0.0,92.96560272699097,0.0,8.0,28.8125
890210,2020-11-27,Hayes,Nebraska,31085.0,43,0.0,85,Nebraska,Hayes,922,4663.774403470716,0.0,0.0,0.0,0.0,0.0,77.47133560582577,0.0,6.0,38.41666666666667
890211,2020-11-28,Hayes,Nebraska,31085.0,43,0.0,85,Nebraska,Hayes,922,4663.774403470716,0.0,0.0,0.0,0.0,0.0,77.47133560582577,0.0,5.0,46.1
890212,2020-11-29,Hayes,Nebraska,31085.0,43,0.0,85,Nebraska,Hayes,922,4663.774403470716,0.0,0.0,0.0,0.0,0.0,77.47133560582577,0.0,5.0,46.1
890213,2020-11-30,Hayes,Nebraska,31085.0,43,0.0,85,Nebraska,Hayes,922,4663.774403470716,0.0,0.0,0.0,0.0,0.0,77.47133560582577,0.0,5.0,46.1
890214,2020-12-01,Hayes,Nebraska,31085.0,43,0.0,85,Nebraska,Hayes,922,4663.774403470716,0.0,0.0,0.0,0.0,0.0,46.48280136349552,0.0,5.0,46.1
890215,2020-12-02,Hayes,Nebraska,31085.0,43,0.0,85,Nebraska,Hayes,922,4663.774403470716,0.0,0.0,0.0,0.0,0.0,15.494267121165128,0.0,3.0,76.83333333333334
890216,2020-12-03,Hayes,Nebraska,31085.0,44,0.0,85,Nebraska,Hayes,922,4772.234273318872,0.0,0.0,1.0,108.4598698481559,0.0,15.494267121165128,0.0,2.0,115.25
890217,2020-12-04,Hayes,Nebraska,31085.0,45,0.0,85,Nebraska,Hayes,922,4880.694143167028,0.0,0.0,1.0,108.45986984815681,0.0,30.98853424233039,0.0,2.0,115.25
890218,2020-12-05,Hayes,Nebraska,31085.0,46,0.0,85,Nebraska,Hayes,922,4989.154013015184,0.0,0.0,1.0,108.4598698481559,0.0,46.48280136349552,0.0,3.0,76.83333333333334
890219,2020-12-06,Hayes,Nebraska,31085.0,46,0.0,85,Nebraska,Hayes,922,4989.154013015184,0.0,0.0,0.0,0.0,0.0,46.48280136349552,0.0,3.0,76.83333333333334
890220,2020-12-07,Hayes,Nebraska,31085.0,46,0.0,85,Nebraska,Hayes,922,4989.154013015184,0.0,0.0,0.0,0.0,0.0,46.48280136349552,0.0,3.0,76.83333333333334
890221,2020-12-08,Hayes,Nebraska,31085.0,46,0.0,85,Nebraska,Hayes,922,4989.154013015184,0.0,0.0,0.0,0.0,0.0,46.48280136349552,0.0,3.0,76.83333333333334
890222,2020-12-09,Hayes,Nebraska,31085.0,48,0.0,85,Nebraska,Hayes,922,5206.073752711496,0.0,0.0,2.0,216.9197396963118,0.0,77.47133560582577,0.0,5.0,46.1
890223,2020-12-10,Hayes,Nebraska,31085.0,47,0.0,85,Nebraska,Hayes,922,5097.61388286334,0.0,0.0,-1.0,-108.4598698481559,0.0,46.48280136349552,0.0,4.0,57.625
890224,2020-12-11,Hayes,Nebraska,31085.0,48,0.0,85,Nebraska,Hayes,922,5206.073752711496,0.0,0.0,1.0,108.4598698481559,0.0,46.48280136349539,0.0,4.0,57.625
890225,2020-12-12,Hayes,Nebraska,31085.0,48,0.0,85,Nebraska,Hayes,922,5206.073752711496,0.0,0.0,0.0,0.0,0.0,30.988534242330257,0.0,3.0,76.83333333333334
890226,2020-12-13,Hayes,Nebraska,31085.0,49,0.0,85,Nebraska,Hayes,922,5314.533622559653,0.0,0.0,1.0,108.45986984815681,0.0,46.48280136349552,0.0,3.0,76.83333333333334
890227,2020-12-14,Hayes,Nebraska,31085.0,50,0.0,85,Nebraska,Hayes,922,5422.993492407809,0.0,0.0,1.0,108.4598698481559,0.0,61.97706848466065,0.0,4.0,57.625
890228,2020-12-15,Hayes,Nebraska,31085.0,50,0.0,85,Nebraska,Hayes,922,5422.993492407809,0.0,0.0,0.0,0.0,0.0,61.97706848466065,0.0,4.0,57.625
890229,2020-12-16,Hayes,Nebraska,31085.0,50,0.0,85,Nebraska,Hayes,922,5422.993492407809,0.0,0.0,0.0,0.0,0.0,30.98853424233039,0.0,4.0,57.625
890230,2020-12-17,Hayes,Nebraska,31085.0,50,0.0,85,Nebraska,Hayes,922,5422.993492407809,0.0,0.0,0.0,0.0,0.0,46.48280136349552,0.0,2.0,115.25
890231,2020-12-18,Hayes,Nebraska,31085.0,50,0.0,85,Nebraska,Hayes,922,5422.993492407809,0.0,0.0,0.0,0.0,0.0,30.98853424233039,0.0,3.0,76.83333333333334
890232,2020-12-19,Hayes,Nebraska,31085.0,50,0.0,85,Nebraska,Hayes,922,5422.993492407809,0.0,0.0,0.0,0.0,0.0,30.98853424233039,0.0,2.0,115.25
890233,2020-12-20,Hayes,Nebraska,31085.0,50,0.0,85,Nebraska,Hayes,922,5422.993492407809,0.0,0.0,0.0,0.0,0.0,15.494267121165128,0.0,2.0,115.25
890234,2020-12-21,Hayes,Nebraska,31085.0,50,0.0,85,Nebraska,Hayes,922,5422.993492407809,0.0,0.0,0.0,0.0,0.0,0.0,0.0,1.0,230.5
890235,2020-12-22,Hayes,Nebraska,31085.0,50,0.0,85,Nebraska,Hayes,922,5422.993492407809,0.0,0.0,0.0,0.0,0.0,0.0,0.0,0.0,inf
890236,2020-12-23,Hayes,Nebraska,31085.0,50,0.0,85,Nebraska,Hayes,922,5422.993492407809,0.0,0.0,0.0,0.0,0.0,0.0,0.0,0.0,inf
890237,2020-12-24,Hayes,Nebraska,31085.0,53,0.0,85,Nebraska,Hayes,922,5748.3731019522775,0.0,0.0,3.0,325.3796095444686,0.0,46.48280136349552,0.0,3.0,76.83333333333334
890238,2020-12-25,Hayes,Nebraska,31085.0,53,0.0,85,Nebraska,Hayes,922,5748.3731019522775,0.0,0.0,0.0,0.0,0.0,46.48280136349552,0.0,3.0,76.83333333333334
890239,2020-12-26,Hayes,Nebraska,31085.0,53,0.0,85,Nebraska,Hayes,922,5748.3731019522775,0.0,0.0,0.0,0.0,0.0,46.48280136349552,0.0,3.0,76.83333333333334
890240,2020-12-27,Hayes,Nebraska,31085.0,53,0.0,85,Nebraska,Hayes,922,5748.3731019522775,0.0,0.0,0.0,0.0,0.0,46.48280136349552,0.0,3.0,76.83333333333334
890241,2020-12-28,Hayes,Nebraska,31085.0,53,0.0,85,Nebraska,Hayes,922,5748.3731019522775,0.0,0.0,0.0,0.0,0.0,46.48280136349552,0.0,3.0,76.83333333333334
890242,2020-12-29,Hayes,Nebraska,31085.0,53,0.0,85,Nebraska,Hayes,922,5748.3731019522775,0.0,0.0,0.0,0.0,0.0,46.48280136349552,0.0,3.0,76.83333333333334
890243,2020-12-30,Hayes,Nebraska,31085.0,53,0.0,85,Nebraska,Hayes,922,5748.3731019522775,0.0,0.0,0.0,0.0,0.0,46.48280136349552,0.0,3.0,76.83333333333334
890244,2020-12-31,Hayes,Nebraska,31085.0,55,0.0,85,Nebraska,Hayes,922,5965.29284164859,0.0,0.0,2.0,216.91973969631272,0.0,30.98853424233039,0.0,5.0,46.1
890245,2021-01-01,Hayes,Nebraska,31085.0,55,0.0,85,Nebraska,Hayes,922,5965.29284164859,0.0,0.0,0.0,0.0,0.0,30.98853424233039,0.0,2.0,115.25
890246,2021-01-02,Hayes,Nebraska,31085.0,55,0.0,85,Nebraska,Hayes,922,5965.29284164859,0.0,0.0,0.0,0.0,0.0,30.98853424233039,0.0,2.0,115.25
890247,2021-01-03,Hayes,Nebraska,31085.0,55,0.0,85,Nebraska,Hayes,922,5965.29284164859,0.0,0.0,0.0,0.0,0.0,30.98853424233039,0.0,2.0,115.25
890248,2021-01-04,Hayes,Nebraska,31085.0,55,0.0,85,Nebraska,Hayes,922,5965.29284164859,0.0,0.0,0.0,0.0,0.0,30.98853424233039,0.0,2.0,115.25
890249,2021-01-05,Hayes,Nebraska,31085.0,55,0.0,85,Nebraska,Hayes,922,5965.29284164859,0.0,0.0,0.0,0.0,0.0,30.98853424233039,0.0,2.0,115.25
890250,2021-01-06,Hayes,Nebraska,31085.0,55,0.0,85,Nebraska,Hayes,922,5965.29284164859,0.0,0.0,0.0,0.0,0.0,30.98853424233039,0.0,2.0,115.25
890251,2021-01-07,Hayes,Nebraska,31085.0,55,0.0,85,Nebraska,Hayes,922,5965.29284164859,0.0,0.0,0.0,0.0,0.0,0.0,0.0,2.0,115.25
890252,2021-01-08,Hayes,Nebraska,31085.0,55,0.0,85,Nebraska,Hayes,922,5965.29284164859,0.0,0.0,0.0,0.0,0.0,0.0,0.0,0.0,inf
890253,2021-01-09,Hayes,Nebraska,31085.0,55,0.0,85,Nebraska,Hayes,922,5965.29284164859,0.0,0.0,0.0,0.0,0.0,0.0,0.0,0.0,inf
890254,2021-01-10,Hayes,Nebraska,31085.0,55,0.0,85,Nebraska,Hayes,922,5965.29284164859,0.0,0.0,0.0,0.0,0.0,0.0,0.0,0.0,inf
890255,2021-01-11,Hayes,Nebraska,31085.0,55,0.0,85,Nebraska,Hayes,922,5965.29284164859,0.0,0.0,0.0,0.0,0.0,0.0,0.0,0.0,inf
