,date,county,state,fips,cases,deaths,COUNTY,STNAME,CTYNAME,POPESTIMATE2019,cases_per_100k,deaths_per_100k,death_rate,new_cases,new_cases_per_100k,new_deaths,new_cases_per_100k_ra,new_deaths_ra,active_cases,infected_to_one
810909,2020-08-19,Logan,Nebraska,31113.0,1,0.0,113,Nebraska,Logan,748,133.6898395721925,0.0,0.0,,,,,,,
810910,2020-08-20,Logan,Nebraska,31113.0,2,0.0,113,Nebraska,Logan,748,267.379679144385,0.0,0.0,1.0,133.6898395721925,0.0,,,,
810911,2020-08-21,Logan,Nebraska,31113.0,2,0.0,113,Nebraska,Logan,748,267.379679144385,0.0,0.0,0.0,0.0,0.0,,,,
810912,2020-08-22,Logan,Nebraska,31113.0,2,0.0,113,Nebraska,Logan,748,267.379679144385,0.0,0.0,0.0,0.0,0.0,,,,
810913,2020-08-23,Logan,Nebraska,31113.0,3,0.0,113,Nebraska,Logan,748,401.0695187165776,0.0,0.0,1.0,133.68983957219257,0.0,,,,
810914,2020-08-24,Logan,Nebraska,31113.0,3,0.0,113,Nebraska,Logan,748,401.0695187165776,0.0,0.0,0.0,0.0,0.0,,,,
810915,2020-08-25,Logan,Nebraska,31113.0,3,0.0,113,Nebraska,Logan,748,401.0695187165776,0.0,0.0,0.0,0.0,0.0,,,,
810916,2020-08-26,Logan,Nebraska,31113.0,3,0.0,113,Nebraska,Logan,748,401.0695187165776,0.0,0.0,0.0,0.0,0.0,38.19709702062644,0.0,,
810917,2020-08-27,Logan,Nebraska,31113.0,3,0.0,113,Nebraska,Logan,748,401.0695187165776,0.0,0.0,0.0,0.0,0.0,19.098548510313226,0.0,2.0,93.5
810918,2020-08-28,Logan,Nebraska,31113.0,3,0.0,113,Nebraska,Logan,748,401.0695187165776,0.0,0.0,0.0,0.0,0.0,19.098548510313226,0.0,1.0,187.0
810919,2020-08-29,Logan,Nebraska,31113.0,3,0.0,113,Nebraska,Logan,748,401.0695187165776,0.0,0.0,0.0,0.0,0.0,19.098548510313226,0.0,1.0,187.0
810920,2020-08-30,Logan,Nebraska,31113.0,3,0.0,113,Nebraska,Logan,748,401.0695187165776,0.0,0.0,0.0,0.0,0.0,0.0,0.0,1.0,187.0
810921,2020-08-31,Logan,Nebraska,31113.0,3,0.0,113,Nebraska,Logan,748,401.0695187165776,0.0,0.0,0.0,0.0,0.0,0.0,0.0,0.0,inf
810922,2020-09-01,Logan,Nebraska,31113.0,3,0.0,113,Nebraska,Logan,748,401.0695187165776,0.0,0.0,0.0,0.0,0.0,0.0,0.0,0.0,inf
810923,2020-09-02,Logan,Nebraska,31113.0,3,0.0,113,Nebraska,Logan,748,401.0695187165776,0.0,0.0,0.0,0.0,0.0,0.0,0.0,0.0,inf
810924,2020-09-03,Logan,Nebraska,31113.0,5,0.0,113,Nebraska,Logan,748,668.4491978609625,0.0,0.0,2.0,267.3796791443849,0.0,38.197097020626416,0.0,2.0,93.5
810925,2020-09-04,Logan,Nebraska,31113.0,5,0.0,113,Nebraska,Logan,748,668.4491978609625,0.0,0.0,0.0,0.0,0.0,38.197097020626416,0.0,2.0,93.5
810926,2020-09-05,Logan,Nebraska,31113.0,5,0.0,113,Nebraska,Logan,748,668.4491978609625,0.0,0.0,0.0,0.0,0.0,38.197097020626416,0.0,2.0,93.5
810927,2020-09-06,Logan,Nebraska,31113.0,5,0.0,113,Nebraska,Logan,748,668.4491978609625,0.0,0.0,0.0,0.0,0.0,38.197097020626416,0.0,2.0,93.5
810928,2020-09-07,Logan,Nebraska,31113.0,5,0.0,113,Nebraska,Logan,748,668.4491978609625,0.0,0.0,0.0,0.0,0.0,38.197097020626416,0.0,2.0,93.5
810929,2020-09-08,Logan,Nebraska,31113.0,5,0.0,113,Nebraska,Logan,748,668.4491978609625,0.0,0.0,0.0,0.0,0.0,38.197097020626416,0.0,2.0,93.5
810930,2020-09-09,Logan,Nebraska,31113.0,6,0.0,113,Nebraska,Logan,748,802.1390374331552,0.0,0.0,1.0,133.68983957219268,0.0,57.29564553093966,0.0,3.0,62.33333333333333
810931,2020-09-10,Logan,Nebraska,31113.0,6,0.0,113,Nebraska,Logan,748,802.1390374331552,0.0,0.0,0.0,0.0,0.0,19.09854851031324,0.0,3.0,62.33333333333333
810932,2020-09-11,Logan,Nebraska,31113.0,6,0.0,113,Nebraska,Logan,748,802.1390374331552,0.0,0.0,0.0,0.0,0.0,19.09854851031324,0.0,1.0,187.0
810933,2020-09-12,Logan,Nebraska,31113.0,6,0.0,113,Nebraska,Logan,748,802.1390374331552,0.0,0.0,0.0,0.0,0.0,19.09854851031324,0.0,1.0,187.0
810934,2020-09-13,Logan,Nebraska,31113.0,6,0.0,113,Nebraska,Logan,748,802.1390374331552,0.0,0.0,0.0,0.0,0.0,19.09854851031324,0.0,1.0,187.0
810935,2020-09-14,Logan,Nebraska,31113.0,6,0.0,113,Nebraska,Logan,748,802.1390374331552,0.0,0.0,0.0,0.0,0.0,19.09854851031324,0.0,1.0,187.0
810936,2020-09-15,Logan,Nebraska,31113.0,6,0.0,113,Nebraska,Logan,748,802.1390374331552,0.0,0.0,0.0,0.0,0.0,19.09854851031324,0.0,1.0,187.0
810937,2020-09-16,Logan,Nebraska,31113.0,6,0.0,113,Nebraska,Logan,748,802.1390374331552,0.0,0.0,0.0,0.0,0.0,0.0,0.0,1.0,187.0
810938,2020-09-17,Logan,Nebraska,31113.0,6,0.0,113,Nebraska,Logan,748,802.1390374331552,0.0,0.0,0.0,0.0,0.0,0.0,0.0,0.0,inf
810939,2020-09-18,Logan,Nebraska,31113.0,6,0.0,113,Nebraska,Logan,748,802.1390374331552,0.0,0.0,0.0,0.0,0.0,0.0,0.0,0.0,inf
810940,2020-09-19,Logan,Nebraska,31113.0,6,0.0,113,Nebraska,Logan,748,802.1390374331552,0.0,0.0,0.0,0.0,0.0,0.0,0.0,0.0,inf
810941,2020-09-20,Logan,Nebraska,31113.0,6,0.0,113,Nebraska,Logan,748,802.1390374331552,0.0,0.0,0.0,0.0,0.0,0.0,0.0,0.0,inf
810942,2020-09-21,Logan,Nebraska,31113.0,6,0.0,113,Nebraska,Logan,748,802.1390374331552,0.0,0.0,0.0,0.0,0.0,0.0,0.0,0.0,inf
810943,2020-09-22,Logan,Nebraska,31113.0,7,0.0,113,Nebraska,Logan,748,935.8288770053475,0.0,0.0,1.0,133.68983957219234,0.0,19.09854851031319,0.0,1.0,187.0
810944,2020-09-23,Logan,Nebraska,31113.0,6,0.0,113,Nebraska,Logan,748,802.1390374331552,0.0,0.0,-1.0,-133.68983957219234,0.0,0.0,0.0,0.0,inf
810945,2020-09-24,Logan,Nebraska,31113.0,6,0.0,113,Nebraska,Logan,748,802.1390374331552,0.0,0.0,0.0,0.0,0.0,0.0,0.0,0.0,inf
810946,2020-09-25,Logan,Nebraska,31113.0,6,0.0,113,Nebraska,Logan,748,802.1390374331552,0.0,0.0,0.0,0.0,0.0,0.0,0.0,0.0,inf
810947,2020-09-26,Logan,Nebraska,31113.0,6,0.0,113,Nebraska,Logan,748,802.1390374331552,0.0,0.0,0.0,0.0,0.0,0.0,0.0,0.0,inf
810948,2020-09-27,Logan,Nebraska,31113.0,6,0.0,113,Nebraska,Logan,748,802.1390374331552,0.0,0.0,0.0,0.0,0.0,0.0,0.0,0.0,inf
810949,2020-09-28,Logan,Nebraska,31113.0,6,0.0,113,Nebraska,Logan,748,802.1390374331552,0.0,0.0,0.0,0.0,0.0,0.0,0.0,0.0,inf
810950,2020-09-29,Logan,Nebraska,31113.0,6,0.0,113,Nebraska,Logan,748,802.1390374331552,0.0,0.0,0.0,0.0,0.0,-19.09854851031319,0.0,0.0,inf
810951,2020-09-30,Logan,Nebraska,31113.0,7,0.0,113,Nebraska,Logan,748,935.8288770053475,0.0,0.0,1.0,133.68983957219234,0.0,19.09854851031319,0.0,0.0,inf
810952,2020-10-01,Logan,Nebraska,31113.0,6,0.0,113,Nebraska,Logan,748,802.1390374331552,0.0,0.0,-1.0,-133.68983957219234,0.0,0.0,0.0,0.0,inf
810953,2020-10-02,Logan,Nebraska,31113.0,6,0.0,113,Nebraska,Logan,748,802.1390374331552,0.0,0.0,0.0,0.0,0.0,0.0,0.0,0.0,inf
810954,2020-10-03,Logan,Nebraska,31113.0,7,0.0,113,Nebraska,Logan,748,935.8288770053475,0.0,0.0,1.0,133.68983957219234,0.0,19.09854851031319,0.0,1.0,187.0
810955,2020-10-04,Logan,Nebraska,31113.0,7,0.0,113,Nebraska,Logan,748,935.8288770053475,0.0,0.0,0.0,0.0,0.0,19.09854851031319,0.0,1.0,187.0
810956,2020-10-05,Logan,Nebraska,31113.0,7,0.0,113,Nebraska,Logan,748,935.8288770053475,0.0,0.0,0.0,0.0,0.0,19.09854851031319,0.0,1.0,187.0
810957,2020-10-06,Logan,Nebraska,31113.0,7,0.0,113,Nebraska,Logan,748,935.8288770053475,0.0,0.0,0.0,0.0,0.0,19.09854851031319,0.0,1.0,187.0
810958,2020-10-07,Logan,Nebraska,31113.0,7,0.0,113,Nebraska,Logan,748,935.8288770053475,0.0,0.0,0.0,0.0,0.0,0.0,0.0,1.0,187.0
810959,2020-10-08,Logan,Nebraska,31113.0,7,0.0,113,Nebraska,Logan,748,935.8288770053475,0.0,0.0,0.0,0.0,0.0,19.09854851031319,0.0,0.0,inf
810960,2020-10-09,Logan,Nebraska,31113.0,7,0.0,113,Nebraska,Logan,748,935.8288770053475,0.0,0.0,0.0,0.0,0.0,19.09854851031319,0.0,1.0,187.0
810961,2020-10-10,Logan,Nebraska,31113.0,7,0.0,113,Nebraska,Logan,748,935.8288770053475,0.0,0.0,0.0,0.0,0.0,0.0,0.0,1.0,187.0
810962,2020-10-11,Logan,Nebraska,31113.0,7,0.0,113,Nebraska,Logan,748,935.8288770053475,0.0,0.0,0.0,0.0,0.0,0.0,0.0,0.0,inf
810963,2020-10-12,Logan,Nebraska,31113.0,8,0.0,113,Nebraska,Logan,748,1069.51871657754,0.0,0.0,1.0,133.68983957219257,0.0,19.098548510313226,0.0,1.0,187.0
810964,2020-10-13,Logan,Nebraska,31113.0,8,0.0,113,Nebraska,Logan,748,1069.51871657754,0.0,0.0,0.0,0.0,0.0,19.098548510313226,0.0,1.0,187.0
810965,2020-10-14,Logan,Nebraska,31113.0,7,0.0,113,Nebraska,Logan,748,935.8288770053475,0.0,0.0,-1.0,-133.68983957219257,0.0,0.0,0.0,0.0,inf
810966,2020-10-15,Logan,Nebraska,31113.0,8,0.0,113,Nebraska,Logan,748,1069.51871657754,0.0,0.0,1.0,133.68983957219257,0.0,19.098548510313226,0.0,1.0,187.0
810967,2020-10-16,Logan,Nebraska,31113.0,8,0.0,113,Nebraska,Logan,748,1069.51871657754,0.0,0.0,0.0,0.0,0.0,19.098548510313226,0.0,1.0,187.0
810968,2020-10-17,Logan,Nebraska,31113.0,8,0.0,113,Nebraska,Logan,748,1069.51871657754,0.0,0.0,0.0,0.0,0.0,19.098548510313226,0.0,1.0,187.0
810969,2020-10-18,Logan,Nebraska,31113.0,8,0.0,113,Nebraska,Logan,748,1069.51871657754,0.0,0.0,0.0,0.0,0.0,19.098548510313226,0.0,1.0,187.0
810970,2020-10-19,Logan,Nebraska,31113.0,8,0.0,113,Nebraska,Logan,748,1069.51871657754,0.0,0.0,0.0,0.0,0.0,0.0,0.0,1.0,187.0
810971,2020-10-20,Logan,Nebraska,31113.0,8,0.0,113,Nebraska,Logan,748,1069.51871657754,0.0,0.0,0.0,0.0,0.0,0.0,0.0,0.0,inf
810972,2020-10-21,Logan,Nebraska,31113.0,9,0.0,113,Nebraska,Logan,748,1203.2085561497327,0.0,0.0,1.0,133.68983957219257,0.0,38.19709702062645,0.0,1.0,187.0
810973,2020-10-22,Logan,Nebraska,31113.0,9,0.0,113,Nebraska,Logan,748,1203.2085561497327,0.0,0.0,0.0,0.0,0.0,19.098548510313226,0.0,2.0,93.5
810974,2020-10-23,Logan,Nebraska,31113.0,9,0.0,113,Nebraska,Logan,748,1203.2085561497327,0.0,0.0,0.0,0.0,0.0,19.098548510313226,0.0,1.0,187.0
810975,2020-10-24,Logan,Nebraska,31113.0,10,0.0,113,Nebraska,Logan,748,1336.898395721925,0.0,0.0,1.0,133.68983957219234,0.0,38.197097020626416,0.0,2.0,93.5
810976,2020-10-25,Logan,Nebraska,31113.0,10,0.0,113,Nebraska,Logan,748,1336.898395721925,0.0,0.0,0.0,0.0,0.0,38.197097020626416,0.0,2.0,93.5
810977,2020-10-26,Logan,Nebraska,31113.0,10,0.0,113,Nebraska,Logan,748,1336.898395721925,0.0,0.0,0.0,0.0,0.0,38.197097020626416,0.0,2.0,93.5
810978,2020-10-27,Logan,Nebraska,31113.0,10,0.0,113,Nebraska,Logan,748,1336.898395721925,0.0,0.0,0.0,0.0,0.0,38.197097020626416,0.0,2.0,93.5
810979,2020-10-28,Logan,Nebraska,31113.0,10,0.0,113,Nebraska,Logan,748,1336.898395721925,0.0,0.0,0.0,0.0,0.0,19.09854851031319,0.0,2.0,93.5
810980,2020-10-29,Logan,Nebraska,31113.0,10,0.0,113,Nebraska,Logan,748,1336.898395721925,0.0,0.0,0.0,0.0,0.0,19.09854851031319,0.0,1.0,187.0
810981,2020-10-30,Logan,Nebraska,31113.0,10,0.0,113,Nebraska,Logan,748,1336.898395721925,0.0,0.0,0.0,0.0,0.0,19.09854851031319,0.0,1.0,187.0
810982,2020-10-31,Logan,Nebraska,31113.0,11,0.0,113,Nebraska,Logan,748,1470.5882352941176,0.0,0.0,1.0,133.68983957219257,0.0,19.098548510313226,0.0,2.0,93.5
810983,2020-11-01,Logan,Nebraska,31113.0,12,0.0,113,Nebraska,Logan,748,1604.2780748663104,0.0,0.0,1.0,133.6898395721928,0.0,38.19709702062648,0.0,2.0,93.5
810984,2020-11-02,Logan,Nebraska,31113.0,12,0.0,113,Nebraska,Logan,748,1604.2780748663104,0.0,0.0,0.0,0.0,0.0,38.19709702062648,0.0,2.0,93.5
810985,2020-11-03,Logan,Nebraska,31113.0,13,0.0,113,Nebraska,Logan,748,1737.9679144385027,0.0,0.0,1.0,133.68983957219234,0.0,57.29564553093967,0.0,3.0,62.33333333333333
810986,2020-11-04,Logan,Nebraska,31113.0,12,0.0,113,Nebraska,Logan,748,1604.2780748663104,0.0,0.0,-1.0,-133.68983957219234,0.0,38.19709702062648,0.0,2.0,93.5
810987,2020-11-05,Logan,Nebraska,31113.0,12,0.0,113,Nebraska,Logan,748,1604.2780748663104,0.0,0.0,0.0,0.0,0.0,38.19709702062648,0.0,2.0,93.5
810988,2020-11-06,Logan,Nebraska,31113.0,15,0.0,113,Nebraska,Logan,748,2005.3475935828878,0.0,0.0,3.0,401.0695187165775,0.0,95.49274255156612,0.0,5.0,37.4
810989,2020-11-07,Logan,Nebraska,31113.0,17,0.0,113,Nebraska,Logan,748,2272.727272727273,0.0,0.0,2.0,267.37967914438514,0.0,114.59129106187935,0.0,7.0,26.714285714285715
810990,2020-11-08,Logan,Nebraska,31113.0,18,0.0,113,Nebraska,Logan,748,2406.4171122994653,0.0,0.0,1.0,133.68983957219234,0.0,114.59129106187928,0.0,7.0,26.714285714285715
810991,2020-11-09,Logan,Nebraska,31113.0,18,0.0,113,Nebraska,Logan,748,2406.4171122994653,0.0,0.0,0.0,0.0,0.0,114.59129106187928,0.0,6.0,31.166666666666664
810992,2020-11-10,Logan,Nebraska,31113.0,20,0.0,113,Nebraska,Logan,748,2673.79679144385,0.0,0.0,2.0,267.3796791443847,0.0,133.68983957219248,0.0,8.0,23.375
810993,2020-11-11,Logan,Nebraska,31113.0,18,0.0,113,Nebraska,Logan,748,2406.4171122994653,0.0,0.0,-2.0,-267.3796791443847,0.0,114.59129106187928,0.0,5.0,37.4
810994,2020-11-12,Logan,Nebraska,31113.0,19,0.0,113,Nebraska,Logan,748,2540.1069518716577,0.0,0.0,1.0,133.68983957219234,0.0,133.68983957219248,0.0,7.0,26.714285714285715
810995,2020-11-13,Logan,Nebraska,31113.0,20,0.0,113,Nebraska,Logan,748,2673.79679144385,0.0,0.0,1.0,133.68983957219234,0.0,95.49274255156602,0.0,8.0,23.375
810996,2020-11-14,Logan,Nebraska,31113.0,21,0.0,113,Nebraska,Logan,748,2807.486631016043,0.0,0.0,1.0,133.6898395721928,0.0,76.39419404125283,0.0,6.0,31.166666666666664
810997,2020-11-15,Logan,Nebraska,31113.0,21,0.0,113,Nebraska,Logan,748,2807.486631016043,0.0,0.0,0.0,0.0,0.0,57.29564553093964,0.0,4.0,46.75
810998,2020-11-16,Logan,Nebraska,31113.0,22,0.0,113,Nebraska,Logan,748,2941.176470588235,0.0,0.0,1.0,133.68983957219234,0.0,76.39419404125283,0.0,4.0,46.75
810999,2020-11-17,Logan,Nebraska,31113.0,24,0.0,113,Nebraska,Logan,748,3208.5561497326207,0.0,0.0,2.0,267.3796791443856,0.0,76.39419404125296,0.0,6.0,31.166666666666664
811000,2020-11-18,Logan,Nebraska,31113.0,27,0.0,113,Nebraska,Logan,748,3609.6256684491977,0.0,0.0,3.0,401.069518716577,0.0,171.88693659281893,0.0,7.0,26.714285714285715
811001,2020-11-19,Logan,Nebraska,31113.0,30,0.0,113,Nebraska,Logan,748,4010.6951871657757,0.0,0.0,3.0,401.06951871657793,0.0,210.08403361344543,0.0,12.0,15.583333333333332
811002,2020-11-20,Logan,Nebraska,31113.0,32,0.0,113,Nebraska,Logan,748,4278.07486631016,0.0,0.0,2.0,267.3796791443847,0.0,229.18258212375864,0.0,13.0,14.384615384615385
811003,2020-11-21,Logan,Nebraska,31113.0,32,0.0,113,Nebraska,Logan,748,4278.07486631016,0.0,0.0,0.0,0.0,0.0,210.08403361344537,0.0,12.0,15.583333333333332
811004,2020-11-22,Logan,Nebraska,31113.0,32,0.0,113,Nebraska,Logan,748,4278.07486631016,0.0,0.0,0.0,0.0,0.0,210.08403361344537,0.0,11.0,17.0
811005,2020-11-23,Logan,Nebraska,31113.0,37,0.0,113,Nebraska,Logan,748,4946.524064171123,0.0,0.0,5.0,668.4491978609631,0.0,286.47822765469834,0.0,16.0,11.6875
811006,2020-11-24,Logan,Nebraska,31113.0,41,0.0,113,Nebraska,Logan,748,5481.283422459893,0.0,0.0,4.0,534.7593582887694,0.0,324.6753246753246,0.0,19.0,9.842105263157894
811007,2020-11-25,Logan,Nebraska,31113.0,42,0.0,113,Nebraska,Logan,748,5614.973262032086,0.0,0.0,1.0,133.6898395721928,0.0,286.4782276546983,0.0,18.0,10.38888888888889
811008,2020-11-26,Logan,Nebraska,31113.0,45,0.0,113,Nebraska,Logan,748,6016.042780748663,0.0,0.0,3.0,401.0695187165775,0.0,286.4782276546982,0.0,18.0,10.38888888888889
811009,2020-11-27,Logan,Nebraska,31113.0,46,0.0,113,Nebraska,Logan,748,6149.732620320856,0.0,0.0,1.0,133.6898395721928,0.0,267.3796791443851,0.0,16.0,11.6875
811010,2020-11-28,Logan,Nebraska,31113.0,47,0.0,113,Nebraska,Logan,748,6283.422459893049,0.0,0.0,1.0,133.6898395721928,0.0,286.47822765469834,0.0,15.0,12.466666666666667
811011,2020-11-29,Logan,Nebraska,31113.0,48,0.0,113,Nebraska,Logan,748,6417.112299465241,0.0,0.0,1.0,133.6898395721928,0.0,305.5767761650116,0.0,16.0,11.6875
811012,2020-11-30,Logan,Nebraska,31113.0,48,0.0,113,Nebraska,Logan,748,6417.112299465241,0.0,0.0,0.0,0.0,0.0,210.08403361344543,0.0,16.0,11.6875
811013,2020-12-01,Logan,Nebraska,31113.0,49,0.0,113,Nebraska,Logan,748,6550.802139037433,0.0,0.0,1.0,133.6898395721919,0.0,152.7883880825058,0.0,12.0,15.583333333333332
811014,2020-12-02,Logan,Nebraska,31113.0,49,0.0,113,Nebraska,Logan,748,6550.802139037433,0.0,0.0,0.0,0.0,0.0,133.68983957219254,0.0,8.0,23.375
811015,2020-12-03,Logan,Nebraska,31113.0,49,0.0,113,Nebraska,Logan,748,6550.802139037433,0.0,0.0,0.0,0.0,0.0,76.3941940412529,0.0,7.0,26.714285714285715
811016,2020-12-04,Logan,Nebraska,31113.0,50,0.0,113,Nebraska,Logan,748,6684.491978609626,0.0,0.0,1.0,133.6898395721928,0.0,76.3941940412529,0.0,5.0,37.4
811017,2020-12-05,Logan,Nebraska,31113.0,50,0.0,113,Nebraska,Logan,748,6684.491978609626,0.0,0.0,0.0,0.0,0.0,57.29564553093964,0.0,4.0,46.75
811018,2020-12-06,Logan,Nebraska,31113.0,53,0.0,113,Nebraska,Logan,748,7085.561497326204,0.0,0.0,3.0,401.0695187165775,0.0,95.49274255156602,0.0,6.0,31.166666666666664
811019,2020-12-07,Logan,Nebraska,31113.0,54,0.0,113,Nebraska,Logan,748,7219.2513368983955,0.0,0.0,1.0,133.6898395721919,0.0,114.59129106187915,0.0,6.0,31.166666666666664
811020,2020-12-08,Logan,Nebraska,31113.0,53,0.0,113,Nebraska,Logan,748,7085.561497326204,0.0,0.0,-1.0,-133.6898395721919,0.0,76.3941940412529,0.0,5.0,37.4
811021,2020-12-09,Logan,Nebraska,31113.0,53,0.0,113,Nebraska,Logan,748,7085.561497326204,0.0,0.0,0.0,0.0,0.0,76.3941940412529,0.0,4.0,46.75
811022,2020-12-10,Logan,Nebraska,31113.0,53,0.0,113,Nebraska,Logan,748,7085.561497326204,0.0,0.0,0.0,0.0,0.0,76.3941940412529,0.0,4.0,46.75
811023,2020-12-11,Logan,Nebraska,31113.0,53,0.0,113,Nebraska,Logan,748,7085.561497326204,0.0,0.0,0.0,0.0,0.0,57.29564553093964,0.0,4.0,46.75
811024,2020-12-12,Logan,Nebraska,31113.0,53,0.0,113,Nebraska,Logan,748,7085.561497326204,0.0,0.0,0.0,0.0,0.0,57.29564553093964,0.0,3.0,62.33333333333333
811025,2020-12-13,Logan,Nebraska,31113.0,53,0.0,113,Nebraska,Logan,748,7085.561497326204,0.0,0.0,0.0,0.0,0.0,0.0,0.0,3.0,62.33333333333333
811026,2020-12-14,Logan,Nebraska,31113.0,56,0.0,113,Nebraska,Logan,748,7486.63101604278,0.0,0.0,3.0,401.06951871657657,0.0,38.19709702062638,0.0,3.0,62.33333333333333
811027,2020-12-15,Logan,Nebraska,31113.0,56,0.0,113,Nebraska,Logan,748,7486.63101604278,0.0,0.0,0.0,0.0,0.0,57.29564553093951,0.0,2.0,93.5
811028,2020-12-16,Logan,Nebraska,31113.0,58,0.0,113,Nebraska,Logan,748,7754.010695187167,0.0,0.0,2.0,267.3796791443865,0.0,95.49274255156615,0.0,5.0,37.4
811029,2020-12-17,Logan,Nebraska,31113.0,58,0.0,113,Nebraska,Logan,748,7754.010695187167,0.0,0.0,0.0,0.0,0.0,95.49274255156615,0.0,5.0,37.4
