,date,county,state,fips,cases,deaths,COUNTY,STNAME,CTYNAME,POPESTIMATE2019,cases_per_100k,deaths_per_100k,death_rate,new_cases,new_cases_per_100k,new_deaths,new_cases_per_100k_ra,new_deaths_ra,active_cases,infected_to_one
735816,2020-04-07,Knox,Texas,48275.0,1,0.0,275,Texas,Knox,3664,27.292576419213972,0.0,0.0,,,,,,,
735817,2020-04-08,Knox,Texas,48275.0,1,0.0,275,Texas,Knox,3664,27.292576419213972,0.0,0.0,0.0,0.0,0.0,,,,
735818,2020-04-09,Knox,Texas,48275.0,1,0.0,275,Texas,Knox,3664,27.292576419213972,0.0,0.0,0.0,0.0,0.0,,,,
735819,2020-04-10,Knox,Texas,48275.0,1,0.0,275,Texas,Knox,3664,27.292576419213972,0.0,0.0,0.0,0.0,0.0,,,,
735820,2020-04-11,Knox,Texas,48275.0,1,0.0,275,Texas,Knox,3664,27.292576419213972,0.0,0.0,0.0,0.0,0.0,,,,
735821,2020-04-12,Knox,Texas,48275.0,1,0.0,275,Texas,Knox,3664,27.292576419213972,0.0,0.0,0.0,0.0,0.0,,,,
735822,2020-04-13,Knox,Texas,48275.0,1,0.0,275,Texas,Knox,3664,27.292576419213972,0.0,0.0,0.0,0.0,0.0,,,,
735823,2020-04-14,Knox,Texas,48275.0,1,0.0,275,Texas,Knox,3664,27.292576419213972,0.0,0.0,0.0,0.0,0.0,0.0,0.0,,
735824,2020-04-15,Knox,Texas,48275.0,1,0.0,275,Texas,Knox,3664,27.292576419213972,0.0,0.0,0.0,0.0,0.0,0.0,0.0,0.0,inf
735825,2020-04-16,Knox,Texas,48275.0,1,0.0,275,Texas,Knox,3664,27.292576419213972,0.0,0.0,0.0,0.0,0.0,0.0,0.0,0.0,inf
735826,2020-04-17,Knox,Texas,48275.0,1,0.0,275,Texas,Knox,3664,27.292576419213972,0.0,0.0,0.0,0.0,0.0,0.0,0.0,0.0,inf
735827,2020-04-18,Knox,Texas,48275.0,1,0.0,275,Texas,Knox,3664,27.292576419213972,0.0,0.0,0.0,0.0,0.0,0.0,0.0,0.0,inf
735828,2020-04-19,Knox,Texas,48275.0,1,0.0,275,Texas,Knox,3664,27.292576419213972,0.0,0.0,0.0,0.0,0.0,0.0,0.0,0.0,inf
735829,2020-04-20,Knox,Texas,48275.0,1,0.0,275,Texas,Knox,3664,27.292576419213972,0.0,0.0,0.0,0.0,0.0,0.0,0.0,0.0,inf
735830,2020-04-21,Knox,Texas,48275.0,1,0.0,275,Texas,Knox,3664,27.292576419213972,0.0,0.0,0.0,0.0,0.0,0.0,0.0,0.0,inf
735831,2020-04-22,Knox,Texas,48275.0,1,0.0,275,Texas,Knox,3664,27.292576419213972,0.0,0.0,0.0,0.0,0.0,0.0,0.0,0.0,inf
735832,2020-04-23,Knox,Texas,48275.0,1,0.0,275,Texas,Knox,3664,27.292576419213972,0.0,0.0,0.0,0.0,0.0,0.0,0.0,0.0,inf
735833,2020-04-24,Knox,Texas,48275.0,1,0.0,275,Texas,Knox,3664,27.292576419213972,0.0,0.0,0.0,0.0,0.0,0.0,0.0,0.0,inf
735834,2020-04-25,Knox,Texas,48275.0,1,0.0,275,Texas,Knox,3664,27.292576419213972,0.0,0.0,0.0,0.0,0.0,0.0,0.0,0.0,inf
735835,2020-04-26,Knox,Texas,48275.0,1,0.0,275,Texas,Knox,3664,27.292576419213972,0.0,0.0,0.0,0.0,0.0,0.0,0.0,0.0,inf
735836,2020-04-27,Knox,Texas,48275.0,1,0.0,275,Texas,Knox,3664,27.292576419213972,0.0,0.0,0.0,0.0,0.0,0.0,0.0,0.0,inf
735837,2020-04-28,Knox,Texas,48275.0,1,0.0,275,Texas,Knox,3664,27.292576419213972,0.0,0.0,0.0,0.0,0.0,0.0,0.0,0.0,inf
735838,2020-04-29,Knox,Texas,48275.0,1,0.0,275,Texas,Knox,3664,27.292576419213972,0.0,0.0,0.0,0.0,0.0,0.0,0.0,0.0,inf
735839,2020-04-30,Knox,Texas,48275.0,1,0.0,275,Texas,Knox,3664,27.292576419213972,0.0,0.0,0.0,0.0,0.0,0.0,0.0,0.0,inf
735840,2020-05-01,Knox,Texas,48275.0,1,0.0,275,Texas,Knox,3664,27.292576419213972,0.0,0.0,0.0,0.0,0.0,0.0,0.0,0.0,inf
735841,2020-05-02,Knox,Texas,48275.0,1,0.0,275,Texas,Knox,3664,27.292576419213972,0.0,0.0,0.0,0.0,0.0,0.0,0.0,0.0,inf
735842,2020-05-03,Knox,Texas,48275.0,1,0.0,275,Texas,Knox,3664,27.292576419213972,0.0,0.0,0.0,0.0,0.0,0.0,0.0,0.0,inf
735843,2020-05-04,Knox,Texas,48275.0,1,0.0,275,Texas,Knox,3664,27.292576419213972,0.0,0.0,0.0,0.0,0.0,0.0,0.0,0.0,inf
735844,2020-05-05,Knox,Texas,48275.0,1,0.0,275,Texas,Knox,3664,27.292576419213972,0.0,0.0,0.0,0.0,0.0,0.0,0.0,0.0,inf
735845,2020-05-06,Knox,Texas,48275.0,1,0.0,275,Texas,Knox,3664,27.292576419213972,0.0,0.0,0.0,0.0,0.0,0.0,0.0,0.0,inf
735846,2020-05-07,Knox,Texas,48275.0,1,0.0,275,Texas,Knox,3664,27.292576419213972,0.0,0.0,0.0,0.0,0.0,0.0,0.0,0.0,inf
735847,2020-05-08,Knox,Texas,48275.0,1,0.0,275,Texas,Knox,3664,27.292576419213972,0.0,0.0,0.0,0.0,0.0,0.0,0.0,0.0,inf
735848,2020-05-09,Knox,Texas,48275.0,1,0.0,275,Texas,Knox,3664,27.292576419213972,0.0,0.0,0.0,0.0,0.0,0.0,0.0,0.0,inf
735849,2020-05-10,Knox,Texas,48275.0,1,0.0,275,Texas,Knox,3664,27.292576419213972,0.0,0.0,0.0,0.0,0.0,0.0,0.0,0.0,inf
735850,2020-05-11,Knox,Texas,48275.0,1,0.0,275,Texas,Knox,3664,27.292576419213972,0.0,0.0,0.0,0.0,0.0,0.0,0.0,0.0,inf
735851,2020-05-12,Knox,Texas,48275.0,1,0.0,275,Texas,Knox,3664,27.292576419213972,0.0,0.0,0.0,0.0,0.0,0.0,0.0,0.0,inf
735852,2020-05-13,Knox,Texas,48275.0,1,0.0,275,Texas,Knox,3664,27.292576419213972,0.0,0.0,0.0,0.0,0.0,0.0,0.0,0.0,inf
735853,2020-05-14,Knox,Texas,48275.0,1,0.0,275,Texas,Knox,3664,27.292576419213972,0.0,0.0,0.0,0.0,0.0,0.0,0.0,0.0,inf
735854,2020-05-15,Knox,Texas,48275.0,1,0.0,275,Texas,Knox,3664,27.292576419213972,0.0,0.0,0.0,0.0,0.0,0.0,0.0,0.0,inf
735855,2020-05-16,Knox,Texas,48275.0,1,0.0,275,Texas,Knox,3664,27.292576419213972,0.0,0.0,0.0,0.0,0.0,0.0,0.0,0.0,inf
735856,2020-05-17,Knox,Texas,48275.0,1,0.0,275,Texas,Knox,3664,27.292576419213972,0.0,0.0,0.0,0.0,0.0,0.0,0.0,0.0,inf
735857,2020-05-18,Knox,Texas,48275.0,1,0.0,275,Texas,Knox,3664,27.292576419213972,0.0,0.0,0.0,0.0,0.0,0.0,0.0,0.0,inf
735858,2020-05-19,Knox,Texas,48275.0,1,0.0,275,Texas,Knox,3664,27.292576419213972,0.0,0.0,0.0,0.0,0.0,0.0,0.0,0.0,inf
735859,2020-05-20,Knox,Texas,48275.0,1,0.0,275,Texas,Knox,3664,27.292576419213972,0.0,0.0,0.0,0.0,0.0,0.0,0.0,0.0,inf
735860,2020-05-21,Knox,Texas,48275.0,1,0.0,275,Texas,Knox,3664,27.292576419213972,0.0,0.0,0.0,0.0,0.0,0.0,0.0,0.0,inf
735861,2020-05-22,Knox,Texas,48275.0,1,0.0,275,Texas,Knox,3664,27.292576419213972,0.0,0.0,0.0,0.0,0.0,0.0,0.0,0.0,inf
735862,2020-05-23,Knox,Texas,48275.0,1,0.0,275,Texas,Knox,3664,27.292576419213972,0.0,0.0,0.0,0.0,0.0,0.0,0.0,0.0,inf
735863,2020-05-24,Knox,Texas,48275.0,1,0.0,275,Texas,Knox,3664,27.292576419213972,0.0,0.0,0.0,0.0,0.0,0.0,0.0,0.0,inf
735864,2020-05-25,Knox,Texas,48275.0,1,0.0,275,Texas,Knox,3664,27.292576419213972,0.0,0.0,0.0,0.0,0.0,0.0,0.0,0.0,inf
735865,2020-05-26,Knox,Texas,48275.0,1,0.0,275,Texas,Knox,3664,27.292576419213972,0.0,0.0,0.0,0.0,0.0,0.0,0.0,0.0,inf
735866,2020-05-27,Knox,Texas,48275.0,1,0.0,275,Texas,Knox,3664,27.292576419213972,0.0,0.0,0.0,0.0,0.0,0.0,0.0,0.0,inf
735867,2020-05-28,Knox,Texas,48275.0,1,0.0,275,Texas,Knox,3664,27.292576419213972,0.0,0.0,0.0,0.0,0.0,0.0,0.0,0.0,inf
735868,2020-05-29,Knox,Texas,48275.0,1,0.0,275,Texas,Knox,3664,27.292576419213972,0.0,0.0,0.0,0.0,0.0,0.0,0.0,0.0,inf
735869,2020-05-30,Knox,Texas,48275.0,1,0.0,275,Texas,Knox,3664,27.292576419213972,0.0,0.0,0.0,0.0,0.0,0.0,0.0,0.0,inf
735870,2020-05-31,Knox,Texas,48275.0,1,0.0,275,Texas,Knox,3664,27.292576419213972,0.0,0.0,0.0,0.0,0.0,0.0,0.0,0.0,inf
735871,2020-06-01,Knox,Texas,48275.0,1,0.0,275,Texas,Knox,3664,27.292576419213972,0.0,0.0,0.0,0.0,0.0,0.0,0.0,0.0,inf
735872,2020-06-02,Knox,Texas,48275.0,1,0.0,275,Texas,Knox,3664,27.292576419213972,0.0,0.0,0.0,0.0,0.0,0.0,0.0,0.0,inf
735873,2020-06-03,Knox,Texas,48275.0,1,0.0,275,Texas,Knox,3664,27.292576419213972,0.0,0.0,0.0,0.0,0.0,0.0,0.0,0.0,inf
735874,2020-06-04,Knox,Texas,48275.0,1,0.0,275,Texas,Knox,3664,27.292576419213972,0.0,0.0,0.0,0.0,0.0,0.0,0.0,0.0,inf
735875,2020-06-05,Knox,Texas,48275.0,1,0.0,275,Texas,Knox,3664,27.292576419213972,0.0,0.0,0.0,0.0,0.0,0.0,0.0,0.0,inf
735876,2020-06-06,Knox,Texas,48275.0,1,0.0,275,Texas,Knox,3664,27.292576419213972,0.0,0.0,0.0,0.0,0.0,0.0,0.0,0.0,inf
735877,2020-06-07,Knox,Texas,48275.0,1,0.0,275,Texas,Knox,3664,27.292576419213972,0.0,0.0,0.0,0.0,0.0,0.0,0.0,0.0,inf
735878,2020-06-08,Knox,Texas,48275.0,1,0.0,275,Texas,Knox,3664,27.292576419213972,0.0,0.0,0.0,0.0,0.0,0.0,0.0,0.0,inf
735879,2020-06-09,Knox,Texas,48275.0,1,0.0,275,Texas,Knox,3664,27.292576419213972,0.0,0.0,0.0,0.0,0.0,0.0,0.0,0.0,inf
735880,2020-06-10,Knox,Texas,48275.0,1,0.0,275,Texas,Knox,3664,27.292576419213972,0.0,0.0,0.0,0.0,0.0,0.0,0.0,0.0,inf
735881,2020-06-11,Knox,Texas,48275.0,1,0.0,275,Texas,Knox,3664,27.292576419213972,0.0,0.0,0.0,0.0,0.0,0.0,0.0,0.0,inf
735882,2020-06-12,Knox,Texas,48275.0,1,0.0,275,Texas,Knox,3664,27.292576419213972,0.0,0.0,0.0,0.0,0.0,0.0,0.0,0.0,inf
735883,2020-06-13,Knox,Texas,48275.0,1,0.0,275,Texas,Knox,3664,27.292576419213972,0.0,0.0,0.0,0.0,0.0,0.0,0.0,0.0,inf
735884,2020-06-14,Knox,Texas,48275.0,1,0.0,275,Texas,Knox,3664,27.292576419213972,0.0,0.0,0.0,0.0,0.0,0.0,0.0,0.0,inf
735885,2020-06-15,Knox,Texas,48275.0,1,0.0,275,Texas,Knox,3664,27.292576419213972,0.0,0.0,0.0,0.0,0.0,0.0,0.0,0.0,inf
735886,2020-06-16,Knox,Texas,48275.0,1,0.0,275,Texas,Knox,3664,27.292576419213972,0.0,0.0,0.0,0.0,0.0,0.0,0.0,0.0,inf
735887,2020-06-17,Knox,Texas,48275.0,1,0.0,275,Texas,Knox,3664,27.292576419213972,0.0,0.0,0.0,0.0,0.0,0.0,0.0,0.0,inf
735888,2020-06-18,Knox,Texas,48275.0,1,0.0,275,Texas,Knox,3664,27.292576419213972,0.0,0.0,0.0,0.0,0.0,0.0,0.0,0.0,inf
735889,2020-06-19,Knox,Texas,48275.0,1,0.0,275,Texas,Knox,3664,27.292576419213972,0.0,0.0,0.0,0.0,0.0,0.0,0.0,0.0,inf
735890,2020-06-20,Knox,Texas,48275.0,1,0.0,275,Texas,Knox,3664,27.292576419213972,0.0,0.0,0.0,0.0,0.0,0.0,0.0,0.0,inf
735891,2020-06-21,Knox,Texas,48275.0,1,0.0,275,Texas,Knox,3664,27.292576419213972,0.0,0.0,0.0,0.0,0.0,0.0,0.0,0.0,inf
735892,2020-06-22,Knox,Texas,48275.0,1,0.0,275,Texas,Knox,3664,27.292576419213972,0.0,0.0,0.0,0.0,0.0,0.0,0.0,0.0,inf
735893,2020-06-23,Knox,Texas,48275.0,1,0.0,275,Texas,Knox,3664,27.292576419213972,0.0,0.0,0.0,0.0,0.0,0.0,0.0,0.0,inf
735894,2020-06-24,Knox,Texas,48275.0,1,0.0,275,Texas,Knox,3664,27.292576419213972,0.0,0.0,0.0,0.0,0.0,0.0,0.0,0.0,inf
735895,2020-06-25,Knox,Texas,48275.0,1,0.0,275,Texas,Knox,3664,27.292576419213972,0.0,0.0,0.0,0.0,0.0,0.0,0.0,0.0,inf
735896,2020-06-26,Knox,Texas,48275.0,1,0.0,275,Texas,Knox,3664,27.292576419213972,0.0,0.0,0.0,0.0,0.0,0.0,0.0,0.0,inf
735897,2020-06-27,Knox,Texas,48275.0,1,0.0,275,Texas,Knox,3664,27.292576419213972,0.0,0.0,0.0,0.0,0.0,0.0,0.0,0.0,inf
735898,2020-06-28,Knox,Texas,48275.0,1,0.0,275,Texas,Knox,3664,27.292576419213972,0.0,0.0,0.0,0.0,0.0,0.0,0.0,0.0,inf
735899,2020-06-29,Knox,Texas,48275.0,1,0.0,275,Texas,Knox,3664,27.292576419213972,0.0,0.0,0.0,0.0,0.0,0.0,0.0,0.0,inf
735900,2020-06-30,Knox,Texas,48275.0,3,0.0,275,Texas,Knox,3664,81.87772925764192,0.0,0.0,2.0,54.585152838427945,0.0,7.797878976918278,0.0,2.0,458.0
735901,2020-07-01,Knox,Texas,48275.0,3,0.0,275,Texas,Knox,3664,81.87772925764192,0.0,0.0,0.0,0.0,0.0,7.797878976918278,0.0,2.0,458.0
735902,2020-07-02,Knox,Texas,48275.0,3,0.0,275,Texas,Knox,3664,81.87772925764192,0.0,0.0,0.0,0.0,0.0,7.797878976918278,0.0,2.0,458.0
735903,2020-07-03,Knox,Texas,48275.0,3,0.0,275,Texas,Knox,3664,81.87772925764192,0.0,0.0,0.0,0.0,0.0,7.797878976918278,0.0,2.0,458.0
735904,2020-07-04,Knox,Texas,48275.0,3,0.0,275,Texas,Knox,3664,81.87772925764192,0.0,0.0,0.0,0.0,0.0,7.797878976918278,0.0,2.0,458.0
735905,2020-07-05,Knox,Texas,48275.0,3,0.0,275,Texas,Knox,3664,81.87772925764192,0.0,0.0,0.0,0.0,0.0,7.797878976918278,0.0,2.0,458.0
735906,2020-07-06,Knox,Texas,48275.0,3,0.0,275,Texas,Knox,3664,81.87772925764192,0.0,0.0,0.0,0.0,0.0,7.797878976918278,0.0,2.0,458.0
735907,2020-07-07,Knox,Texas,48275.0,4,0.0,275,Texas,Knox,3664,109.17030567685589,0.0,0.0,1.0,27.292576419213972,0.0,3.898939488459139,0.0,3.0,305.33333333333337
735908,2020-07-08,Knox,Texas,48275.0,5,0.0,275,Texas,Knox,3664,136.46288209606988,0.0,0.0,1.0,27.292576419213987,0.0,7.7978789769182795,0.0,2.0,458.0
735909,2020-07-09,Knox,Texas,48275.0,5,0.0,275,Texas,Knox,3664,136.46288209606988,0.0,0.0,0.0,0.0,0.0,7.7978789769182795,0.0,2.0,458.0
735910,2020-07-10,Knox,Texas,48275.0,6,0.0,275,Texas,Knox,3664,163.75545851528383,0.0,0.0,1.0,27.292576419213958,0.0,11.696818465377417,0.0,3.0,305.33333333333337
735911,2020-07-11,Knox,Texas,48275.0,6,0.0,275,Texas,Knox,3664,163.75545851528383,0.0,0.0,0.0,0.0,0.0,11.696818465377417,0.0,3.0,305.33333333333337
735912,2020-07-12,Knox,Texas,48275.0,6,0.0,275,Texas,Knox,3664,163.75545851528383,0.0,0.0,0.0,0.0,0.0,11.696818465377417,0.0,3.0,305.33333333333337
735913,2020-07-13,Knox,Texas,48275.0,6,0.0,275,Texas,Knox,3664,163.75545851528383,0.0,0.0,0.0,0.0,0.0,11.696818465377417,0.0,3.0,305.33333333333337
735914,2020-07-14,Knox,Texas,48275.0,10,0.0,275,Texas,Knox,3664,272.92576419213975,0.0,0.0,4.0,109.17030567685592,0.0,23.393636930754838,0.0,7.0,130.85714285714286
735915,2020-07-15,Knox,Texas,48275.0,11,0.0,275,Texas,Knox,3664,300.2183406113537,0.0,0.0,1.0,27.292576419213958,0.0,23.393636930754834,0.0,7.0,130.85714285714286
735916,2020-07-16,Knox,Texas,48275.0,12,0.0,275,Texas,Knox,3664,327.51091703056767,0.0,0.0,1.0,27.292576419213958,0.0,27.29257641921397,0.0,7.0,130.85714285714286
735917,2020-07-17,Knox,Texas,48275.0,14,0.0,275,Texas,Knox,3664,382.09606986899564,0.0,0.0,2.0,54.58515283842797,0.0,31.191515907673114,0.0,9.0,101.77777777777777
735918,2020-07-18,Knox,Texas,48275.0,17,0.0,275,Texas,Knox,3664,463.9737991266376,0.0,0.0,3.0,81.87772925764193,0.0,42.88833437305053,0.0,11.0,83.27272727272727
735919,2020-07-19,Knox,Texas,48275.0,17,0.0,275,Texas,Knox,3664,463.9737991266376,0.0,0.0,0.0,0.0,0.0,42.88833437305053,0.0,11.0,83.27272727272727
735920,2020-07-20,Knox,Texas,48275.0,17,0.0,275,Texas,Knox,3664,463.9737991266376,0.0,0.0,0.0,0.0,0.0,42.88833437305053,0.0,11.0,83.27272727272727
735921,2020-07-21,Knox,Texas,48275.0,17,0.0,275,Texas,Knox,3664,463.9737991266376,0.0,0.0,0.0,0.0,0.0,27.29257641921397,0.0,11.0,83.27272727272727
735922,2020-07-22,Knox,Texas,48275.0,17,0.0,275,Texas,Knox,3664,463.9737991266376,0.0,0.0,0.0,0.0,0.0,23.393636930754834,0.0,7.0,130.85714285714286
735923,2020-07-23,Knox,Texas,48275.0,18,0.0,275,Texas,Knox,3664,491.26637554585153,0.0,0.0,1.0,27.292576419213958,0.0,23.393636930754834,0.0,7.0,130.85714285714286
735924,2020-07-24,Knox,Texas,48275.0,44,0.0,275,Texas,Knox,3664,1200.8733624454148,0.0,0.0,26.0,709.6069868995633,0.0,116.96818465377416,0.0,32.0,28.625
735925,2020-07-25,Knox,Texas,48275.0,44,0.0,275,Texas,Knox,3664,1200.8733624454148,0.0,0.0,0.0,0.0,0.0,105.27136618839674,0.0,30.0,30.533333333333335
735926,2020-07-26,Knox,Texas,48275.0,44,0.0,275,Texas,Knox,3664,1200.8733624454148,0.0,0.0,0.0,0.0,0.0,105.27136618839674,0.0,27.0,33.925925925925924
735927,2020-07-27,Knox,Texas,48275.0,44,0.0,275,Texas,Knox,3664,1200.8733624454148,0.0,0.0,0.0,0.0,0.0,105.27136618839674,0.0,27.0,33.925925925925924
735928,2020-07-28,Knox,Texas,48275.0,44,0.0,275,Texas,Knox,3664,1200.8733624454148,0.0,0.0,0.0,0.0,0.0,105.27136618839674,0.0,27.0,33.925925925925924
735929,2020-07-29,Knox,Texas,48275.0,44,0.0,275,Texas,Knox,3664,1200.8733624454148,0.0,0.0,0.0,0.0,0.0,105.27136618839674,0.0,27.0,33.925925925925924
735930,2020-07-30,Knox,Texas,48275.0,44,0.0,275,Texas,Knox,3664,1200.8733624454148,0.0,0.0,0.0,0.0,0.0,101.3724266999376,0.0,27.0,33.925925925925924
735931,2020-07-31,Knox,Texas,48275.0,44,0.0,275,Texas,Knox,3664,1200.8733624454148,0.0,0.0,0.0,0.0,0.0,0.0,0.0,26.0,35.23076923076923
735932,2020-08-01,Knox,Texas,48275.0,46,0.0,275,Texas,Knox,3664,1255.4585152838429,0.0,0.0,2.0,54.58515283842803,0.0,7.79787897691829,0.0,2.0,458.0
735933,2020-08-02,Knox,Texas,48275.0,46,0.0,275,Texas,Knox,3664,1255.4585152838429,0.0,0.0,0.0,0.0,0.0,7.79787897691829,0.0,2.0,458.0
735934,2020-08-03,Knox,Texas,48275.0,46,0.0,275,Texas,Knox,3664,1255.4585152838429,0.0,0.0,0.0,0.0,0.0,7.79787897691829,0.0,2.0,458.0
735935,2020-08-04,Knox,Texas,48275.0,48,0.0,275,Texas,Knox,3664,1310.0436681222707,0.0,0.0,2.0,54.5851528384278,0.0,15.595757953836548,0.0,4.0,229.0
735936,2020-08-05,Knox,Texas,48275.0,53,0.0,275,Texas,Knox,3664,1446.5065502183406,0.0,0.0,5.0,136.46288209606996,0.0,35.090455396132256,0.0,9.0,101.77777777777777
735937,2020-08-06,Knox,Texas,48275.0,56,1.0,275,Texas,Knox,3664,1528.3842794759826,27.292576419213972,0.017857142857142856,3.0,81.87772925764193,27.292576419213972,46.787273861509675,3.898939488459139,12.0,76.33333333333334
735938,2020-08-07,Knox,Texas,48275.0,59,1.0,275,Texas,Knox,3664,1610.2620087336245,27.292576419213972,0.01694915254237288,3.0,81.87772925764193,0.0,58.484092326887094,3.898939488459139,15.0,61.06666666666667
735939,2020-08-08,Knox,Texas,48275.0,60,1.0,275,Texas,Knox,3664,1637.5545851528384,27.292576419213972,0.016666666666666666,1.0,27.2925764192139,0.0,54.58515283842793,3.898939488459139,16.0,57.25
735940,2020-08-09,Knox,Texas,48275.0,60,1.0,275,Texas,Knox,3664,1637.5545851528384,27.292576419213972,0.016666666666666666,0.0,0.0,0.0,54.58515283842793,3.898939488459139,14.0,65.42857142857143
735941,2020-08-10,Knox,Texas,48275.0,60,1.0,275,Texas,Knox,3664,1637.5545851528384,27.292576419213972,0.016666666666666666,0.0,0.0,0.0,54.58515283842793,3.898939488459139,14.0,65.42857142857143
735942,2020-08-11,Knox,Texas,48275.0,60,1.0,275,Texas,Knox,3664,1637.5545851528384,27.292576419213972,0.016666666666666666,0.0,0.0,0.0,46.787273861509675,3.898939488459139,14.0,65.42857142857143
735943,2020-08-12,Knox,Texas,48275.0,61,2.0,275,Texas,Knox,3664,1664.8471615720525,54.585152838427945,0.03278688524590164,1.0,27.29257641921413,27.292576419213972,31.19151590767313,7.797878976918278,13.0,70.46153846153847
735944,2020-08-13,Knox,Texas,48275.0,62,2.0,275,Texas,Knox,3664,1692.1397379912664,54.585152838427945,0.03225806451612903,1.0,27.2925764192139,0.0,23.393636930754838,3.898939488459139,9.0,101.77777777777777
735945,2020-08-14,Knox,Texas,48275.0,62,4.0,275,Texas,Knox,3664,1692.1397379912664,109.17030567685589,0.06451612903225806,0.0,0.0,54.585152838427945,11.696818465377419,11.696818465377417,6.0,152.66666666666669
735946,2020-08-15,Knox,Texas,48275.0,62,5.0,275,Texas,Knox,3664,1692.1397379912664,136.46288209606988,0.08064516129032258,0.0,0.0,27.292576419213987,7.79787897691829,15.595757953836557,3.0,305.33333333333337
735947,2020-08-16,Knox,Texas,48275.0,62,5.0,275,Texas,Knox,3664,1692.1397379912664,136.46288209606988,0.08064516129032258,0.0,0.0,0.0,7.79787897691829,15.595757953836557,2.0,458.0
735948,2020-08-17,Knox,Texas,48275.0,62,5.0,275,Texas,Knox,3664,1692.1397379912664,136.46288209606988,0.08064516129032258,0.0,0.0,0.0,7.79787897691829,15.595757953836557,2.0,458.0
735949,2020-08-18,Knox,Texas,48275.0,62,5.0,275,Texas,Knox,3664,1692.1397379912664,136.46288209606988,0.08064516129032258,0.0,0.0,0.0,7.79787897691829,15.595757953836557,2.0,458.0
735950,2020-08-19,Knox,Texas,48275.0,62,5.0,275,Texas,Knox,3664,1692.1397379912664,136.46288209606988,0.08064516129032258,0.0,0.0,0.0,3.8989394884591286,11.696818465377419,2.0,458.0
735951,2020-08-20,Knox,Texas,48275.0,62,5.0,275,Texas,Knox,3664,1692.1397379912664,136.46288209606988,0.08064516129032258,0.0,0.0,0.0,0.0,11.696818465377419,1.0,916.0
735952,2020-08-21,Knox,Texas,48275.0,63,6.0,275,Texas,Knox,3664,1719.43231441048,163.75545851528383,0.09523809523809523,1.0,27.292576419213674,27.292576419213958,3.898939488459096,7.797878976918278,1.0,916.0
735953,2020-08-22,Knox,Texas,48275.0,64,8.0,275,Texas,Knox,3664,1746.7248908296942,218.34061135371178,0.125,1.0,27.29257641921413,54.585152838427945,7.797878976918257,11.696818465377415,2.0,458.0
735954,2020-08-23,Knox,Texas,48275.0,64,8.0,275,Texas,Knox,3664,1746.7248908296942,218.34061135371178,0.125,0.0,0.0,0.0,7.797878976918257,11.696818465377415,2.0,458.0
735955,2020-08-24,Knox,Texas,48275.0,64,8.0,275,Texas,Knox,3664,1746.7248908296942,218.34061135371178,0.125,0.0,0.0,0.0,7.797878976918257,11.696818465377415,2.0,458.0
735956,2020-08-25,Knox,Texas,48275.0,64,8.0,275,Texas,Knox,3664,1746.7248908296942,218.34061135371178,0.125,0.0,0.0,0.0,7.797878976918257,11.696818465377415,2.0,458.0
735957,2020-08-26,Knox,Texas,48275.0,64,8.0,275,Texas,Knox,3664,1746.7248908296942,218.34061135371178,0.125,0.0,0.0,0.0,7.797878976918257,11.696818465377415,2.0,458.0
735958,2020-08-27,Knox,Texas,48275.0,65,8.0,275,Texas,Knox,3664,1774.0174672489084,218.34061135371178,0.12307692307692308,1.0,27.29257641921413,0.0,11.696818465377419,11.696818465377415,3.0,305.33333333333337
735959,2020-08-28,Knox,Texas,48275.0,67,8.0,275,Texas,Knox,3664,1828.6026200873364,218.34061135371178,0.11940298507462686,2.0,54.58515283842803,0.0,15.595757953836612,7.797878976918278,5.0,183.20000000000002
735960,2020-08-29,Knox,Texas,48275.0,67,8.0,275,Texas,Knox,3664,1828.6026200873364,218.34061135371178,0.11940298507462686,0.0,0.0,0.0,11.69681846537745,0.0,4.0,229.0
735961,2020-08-30,Knox,Texas,48275.0,67,8.0,275,Texas,Knox,3664,1828.6026200873364,218.34061135371178,0.11940298507462686,0.0,0.0,0.0,11.69681846537745,0.0,3.0,305.33333333333337
735962,2020-08-31,Knox,Texas,48275.0,67,8.0,275,Texas,Knox,3664,1828.6026200873364,218.34061135371178,0.11940298507462686,0.0,0.0,0.0,11.69681846537745,0.0,3.0,305.33333333333337
735963,2020-09-01,Knox,Texas,48275.0,67,8.0,275,Texas,Knox,3664,1828.6026200873364,218.34061135371178,0.11940298507462686,0.0,0.0,0.0,11.69681846537745,0.0,3.0,305.33333333333337
735964,2020-09-02,Knox,Texas,48275.0,67,8.0,275,Texas,Knox,3664,1828.6026200873364,218.34061135371178,0.11940298507462686,0.0,0.0,0.0,11.69681846537745,0.0,3.0,305.33333333333337
735965,2020-09-03,Knox,Texas,48275.0,67,8.0,275,Texas,Knox,3664,1828.6026200873364,218.34061135371178,0.11940298507462686,0.0,0.0,0.0,7.79787897691829,0.0,3.0,305.33333333333337
735966,2020-09-04,Knox,Texas,48275.0,67,8.0,275,Texas,Knox,3664,1828.6026200873364,218.34061135371178,0.11940298507462686,0.0,0.0,0.0,0.0,0.0,2.0,458.0
735967,2020-09-05,Knox,Texas,48275.0,67,8.0,275,Texas,Knox,3664,1828.6026200873364,218.34061135371178,0.11940298507462686,0.0,0.0,0.0,0.0,0.0,0.0,inf
735968,2020-09-06,Knox,Texas,48275.0,67,8.0,275,Texas,Knox,3664,1828.6026200873364,218.34061135371178,0.11940298507462686,0.0,0.0,0.0,0.0,0.0,0.0,inf
735969,2020-09-07,Knox,Texas,48275.0,67,8.0,275,Texas,Knox,3664,1828.6026200873364,218.34061135371178,0.11940298507462686,0.0,0.0,0.0,0.0,0.0,0.0,inf
735970,2020-09-08,Knox,Texas,48275.0,67,8.0,275,Texas,Knox,3664,1828.6026200873364,218.34061135371178,0.11940298507462686,0.0,0.0,0.0,0.0,0.0,0.0,inf
735971,2020-09-09,Knox,Texas,48275.0,67,8.0,275,Texas,Knox,3664,1828.6026200873364,218.34061135371178,0.11940298507462686,0.0,0.0,0.0,0.0,0.0,0.0,inf
735972,2020-09-10,Knox,Texas,48275.0,67,8.0,275,Texas,Knox,3664,1828.6026200873364,218.34061135371178,0.11940298507462686,0.0,0.0,0.0,0.0,0.0,0.0,inf
735973,2020-09-11,Knox,Texas,48275.0,67,8.0,275,Texas,Knox,3664,1828.6026200873364,218.34061135371178,0.11940298507462686,0.0,0.0,0.0,0.0,0.0,0.0,inf
735974,2020-09-12,Knox,Texas,48275.0,67,8.0,275,Texas,Knox,3664,1828.6026200873364,218.34061135371178,0.11940298507462686,0.0,0.0,0.0,0.0,0.0,0.0,inf
735975,2020-09-13,Knox,Texas,48275.0,67,8.0,275,Texas,Knox,3664,1828.6026200873364,218.34061135371178,0.11940298507462686,0.0,0.0,0.0,0.0,0.0,0.0,inf
735976,2020-09-14,Knox,Texas,48275.0,67,8.0,275,Texas,Knox,3664,1828.6026200873364,218.34061135371178,0.11940298507462686,0.0,0.0,0.0,0.0,0.0,0.0,inf
735977,2020-09-15,Knox,Texas,48275.0,68,8.0,275,Texas,Knox,3664,1855.8951965065503,218.34061135371178,0.11764705882352941,1.0,27.2925764192139,0.0,3.8989394884591286,0.0,1.0,916.0
735978,2020-09-16,Knox,Texas,48275.0,68,8.0,275,Texas,Knox,3664,1855.8951965065503,218.34061135371178,0.11764705882352941,0.0,0.0,0.0,3.8989394884591286,0.0,1.0,916.0
735979,2020-09-17,Knox,Texas,48275.0,68,8.0,275,Texas,Knox,3664,1855.8951965065503,218.34061135371178,0.11764705882352941,0.0,0.0,0.0,3.8989394884591286,0.0,1.0,916.0
735980,2020-09-18,Knox,Texas,48275.0,68,8.0,275,Texas,Knox,3664,1855.8951965065503,218.34061135371178,0.11764705882352941,0.0,0.0,0.0,3.8989394884591286,0.0,1.0,916.0
735981,2020-09-19,Knox,Texas,48275.0,68,8.0,275,Texas,Knox,3664,1855.8951965065503,218.34061135371178,0.11764705882352941,0.0,0.0,0.0,3.8989394884591286,0.0,1.0,916.0
735982,2020-09-20,Knox,Texas,48275.0,68,8.0,275,Texas,Knox,3664,1855.8951965065503,218.34061135371178,0.11764705882352941,0.0,0.0,0.0,3.8989394884591286,0.0,1.0,916.0
735983,2020-09-21,Knox,Texas,48275.0,68,8.0,275,Texas,Knox,3664,1855.8951965065503,218.34061135371178,0.11764705882352941,0.0,0.0,0.0,3.8989394884591286,0.0,1.0,916.0
735984,2020-09-22,Knox,Texas,48275.0,67,8.0,275,Texas,Knox,3664,1828.6026200873364,218.34061135371178,0.11940298507462686,-1.0,-27.2925764192139,0.0,-3.8989394884591286,0.0,0.0,inf
735985,2020-09-23,Knox,Texas,48275.0,67,8.0,275,Texas,Knox,3664,1828.6026200873364,218.34061135371178,0.11940298507462686,0.0,0.0,0.0,-3.8989394884591286,0.0,-1.0,-916.0
735986,2020-09-24,Knox,Texas,48275.0,67,8.0,275,Texas,Knox,3664,1828.6026200873364,218.34061135371178,0.11940298507462686,0.0,0.0,0.0,-3.8989394884591286,0.0,-1.0,-916.0
735987,2020-09-25,Knox,Texas,48275.0,67,8.0,275,Texas,Knox,3664,1828.6026200873364,218.34061135371178,0.11940298507462686,0.0,0.0,0.0,-3.8989394884591286,0.0,-1.0,-916.0
735988,2020-09-26,Knox,Texas,48275.0,73,8.0,275,Texas,Knox,3664,1992.3580786026203,218.34061135371178,0.1095890410958904,6.0,163.75545851528386,0.0,19.49469744229571,0.0,5.0,183.20000000000002
735989,2020-09-27,Knox,Texas,48275.0,73,8.0,275,Texas,Knox,3664,1992.3580786026203,218.34061135371178,0.1095890410958904,0.0,0.0,0.0,19.49469744229571,0.0,5.0,183.20000000000002
735990,2020-09-28,Knox,Texas,48275.0,73,8.0,275,Texas,Knox,3664,1992.3580786026203,218.34061135371178,0.1095890410958904,0.0,0.0,0.0,19.49469744229571,0.0,5.0,183.20000000000002
735991,2020-09-29,Knox,Texas,48275.0,92,8.0,275,Texas,Knox,3664,2510.9170305676857,218.34061135371178,0.08695652173913043,19.0,518.5589519650655,0.0,97.47348721147848,0.0,24.0,38.16666666666667
735992,2020-09-30,Knox,Texas,48275.0,95,8.0,275,Texas,Knox,3664,2592.7947598253277,218.34061135371178,0.08421052631578947,3.0,81.87772925764193,0.0,109.1703056768559,0.0,28.0,32.714285714285715
735993,2020-10-01,Knox,Texas,48275.0,100,8.0,275,Texas,Knox,3664,2729.2576419213974,218.34061135371178,0.08,5.0,136.46288209606973,0.0,128.66500311915158,0.0,33.0,27.757575757575758
735994,2020-10-02,Knox,Texas,48275.0,102,8.0,275,Texas,Knox,3664,2783.842794759825,218.34061135371178,0.0784313725490196,2.0,54.5851528384278,0.0,136.46288209606982,0.0,35.0,26.17142857142857
735995,2020-10-03,Knox,Texas,48275.0,103,8.0,275,Texas,Knox,3664,2811.1353711790393,218.34061135371178,0.07766990291262135,1.0,27.29257641921413,0.0,116.96818465377416,0.0,36.0,25.444444444444443
735996,2020-10-04,Knox,Texas,48275.0,103,8.0,275,Texas,Knox,3664,2811.1353711790393,218.34061135371178,0.07766990291262135,0.0,0.0,0.0,116.96818465377416,0.0,30.0,30.533333333333335
735997,2020-10-05,Knox,Texas,48275.0,103,8.0,275,Texas,Knox,3664,2811.1353711790393,218.34061135371178,0.07766990291262135,0.0,0.0,0.0,116.96818465377416,0.0,30.0,30.533333333333335
735998,2020-10-06,Knox,Texas,48275.0,104,8.0,275,Texas,Knox,3664,2838.4279475982535,218.34061135371178,0.07692307692307693,1.0,27.29257641921413,0.0,46.787273861509675,0.0,31.0,29.548387096774192
735999,2020-10-07,Knox,Texas,48275.0,106,8.0,275,Texas,Knox,3664,2893.0131004366813,218.34061135371178,0.07547169811320754,2.0,54.5851528384278,0.0,42.88833437305051,0.0,14.0,65.42857142857143
736000,2020-10-08,Knox,Texas,48275.0,107,8.0,275,Texas,Knox,3664,2920.305676855895,218.34061135371178,0.07476635514018691,1.0,27.292576419213674,0.0,27.292576419213933,0.0,12.0,76.33333333333334
736001,2020-10-09,Knox,Texas,48275.0,108,8.0,275,Texas,Knox,3664,2947.598253275109,218.34061135371178,0.07407407407407407,1.0,27.29257641921413,0.0,23.393636930754838,0.0,8.0,114.5
736002,2020-10-10,Knox,Texas,48275.0,108,8.0,275,Texas,Knox,3664,2947.598253275109,218.34061135371178,0.07407407407407407,0.0,0.0,0.0,19.494697442295678,0.0,6.0,152.66666666666669
736003,2020-10-11,Knox,Texas,48275.0,108,8.0,275,Texas,Knox,3664,2947.598253275109,218.34061135371178,0.07407407407407407,0.0,0.0,0.0,19.494697442295678,0.0,5.0,183.20000000000002
736004,2020-10-12,Knox,Texas,48275.0,108,8.0,275,Texas,Knox,3664,2947.598253275109,218.34061135371178,0.07407407407407407,0.0,0.0,0.0,19.494697442295678,0.0,5.0,183.20000000000002
736005,2020-10-13,Knox,Texas,48275.0,110,8.0,275,Texas,Knox,3664,3002.1834061135373,218.34061135371178,0.07272727272727272,2.0,54.58515283842826,0.0,23.393636930754838,0.0,7.0,130.85714285714286
736006,2020-10-14,Knox,Texas,48275.0,110,8.0,275,Texas,Knox,3664,3002.1834061135373,218.34061135371178,0.07272727272727272,0.0,0.0,0.0,15.59575795383658,0.0,6.0,152.66666666666669
736007,2020-10-15,Knox,Texas,48275.0,111,8.0,275,Texas,Knox,3664,3029.475982532751,218.34061135371178,0.07207207207207207,1.0,27.292576419213674,0.0,15.59575795383658,0.0,5.0,183.20000000000002
736008,2020-10-16,Knox,Texas,48275.0,111,8.0,275,Texas,Knox,3664,3029.475982532751,218.34061135371178,0.07207207207207207,0.0,0.0,0.0,11.696818465377419,0.0,4.0,229.0
736009,2020-10-17,Knox,Texas,48275.0,110,8.0,275,Texas,Knox,3664,3002.1834061135373,218.34061135371178,0.07272727272727272,-1.0,-27.292576419213674,0.0,7.797878976918322,0.0,2.0,458.0
736010,2020-10-18,Knox,Texas,48275.0,110,8.0,275,Texas,Knox,3664,3002.1834061135373,218.34061135371178,0.07272727272727272,0.0,0.0,0.0,7.797878976918322,0.0,2.0,458.0
736011,2020-10-19,Knox,Texas,48275.0,110,8.0,275,Texas,Knox,3664,3002.1834061135373,218.34061135371178,0.07272727272727272,0.0,0.0,0.0,7.797878976918322,0.0,2.0,458.0
736012,2020-10-20,Knox,Texas,48275.0,110,8.0,275,Texas,Knox,3664,3002.1834061135373,218.34061135371178,0.07272727272727272,0.0,0.0,0.0,0.0,0.0,2.0,458.0
736013,2020-10-21,Knox,Texas,48275.0,111,8.0,275,Texas,Knox,3664,3029.475982532751,218.34061135371178,0.07207207207207207,1.0,27.292576419213674,0.0,3.898939488459096,0.0,1.0,916.0
736014,2020-10-22,Knox,Texas,48275.0,111,8.0,275,Texas,Knox,3664,3029.475982532751,218.34061135371178,0.07207207207207207,0.0,0.0,0.0,0.0,0.0,1.0,916.0
736015,2020-10-23,Knox,Texas,48275.0,111,8.0,275,Texas,Knox,3664,3029.475982532751,218.34061135371178,0.07207207207207207,0.0,0.0,0.0,0.0,0.0,0.0,inf
736016,2020-10-24,Knox,Texas,48275.0,113,8.0,275,Texas,Knox,3664,3084.061135371179,218.34061135371178,0.07079646017699115,2.0,54.5851528384278,0.0,11.696818465377353,0.0,2.0,458.0
736017,2020-10-25,Knox,Texas,48275.0,113,9.0,275,Texas,Knox,3664,3084.061135371179,245.63318777292577,0.07964601769911504,0.0,0.0,27.292576419213987,11.696818465377353,3.898939488459141,3.0,305.33333333333337
736018,2020-10-26,Knox,Texas,48275.0,113,9.0,275,Texas,Knox,3664,3084.061135371179,245.63318777292577,0.07964601769911504,0.0,0.0,0.0,11.696818465377353,3.898939488459141,3.0,305.33333333333337
736019,2020-10-27,Knox,Texas,48275.0,113,9.0,275,Texas,Knox,3664,3084.061135371179,245.63318777292577,0.07964601769911504,0.0,0.0,0.0,11.696818465377353,3.898939488459141,3.0,305.33333333333337
736020,2020-10-28,Knox,Texas,48275.0,113,9.0,275,Texas,Knox,3664,3084.061135371179,245.63318777292577,0.07964601769911504,0.0,0.0,0.0,7.797878976918257,3.898939488459141,3.0,305.33333333333337
736021,2020-10-29,Knox,Texas,48275.0,113,9.0,275,Texas,Knox,3664,3084.061135371179,245.63318777292577,0.07964601769911504,0.0,0.0,0.0,7.797878976918257,3.898939488459141,2.0,458.0
736022,2020-10-30,Knox,Texas,48275.0,114,9.0,275,Texas,Knox,3664,3111.353711790393,245.63318777292577,0.07894736842105263,1.0,27.29257641921413,0.0,11.696818465377419,3.898939488459141,3.0,305.33333333333337
736023,2020-10-31,Knox,Texas,48275.0,114,9.0,275,Texas,Knox,3664,3111.353711790393,245.63318777292577,0.07894736842105263,0.0,0.0,0.0,3.898939488459161,3.898939488459141,3.0,305.33333333333337
736024,2020-11-01,Knox,Texas,48275.0,114,9.0,275,Texas,Knox,3664,3111.353711790393,245.63318777292577,0.07894736842105263,0.0,0.0,0.0,3.898939488459161,0.0,1.0,916.0
736025,2020-11-02,Knox,Texas,48275.0,114,9.0,275,Texas,Knox,3664,3111.353711790393,245.63318777292577,0.07894736842105263,0.0,0.0,0.0,3.898939488459161,0.0,1.0,916.0
736026,2020-11-03,Knox,Texas,48275.0,114,9.0,275,Texas,Knox,3664,3111.353711790393,245.63318777292577,0.07894736842105263,0.0,0.0,0.0,3.898939488459161,0.0,1.0,916.0
736027,2020-11-04,Knox,Texas,48275.0,114,9.0,275,Texas,Knox,3664,3111.353711790393,245.63318777292577,0.07894736842105263,0.0,0.0,0.0,3.898939488459161,0.0,1.0,916.0
736028,2020-11-05,Knox,Texas,48275.0,114,9.0,275,Texas,Knox,3664,3111.353711790393,245.63318777292577,0.07894736842105263,0.0,0.0,0.0,3.898939488459161,0.0,1.0,916.0
736029,2020-11-06,Knox,Texas,48275.0,114,9.0,275,Texas,Knox,3664,3111.353711790393,245.63318777292577,0.07894736842105263,0.0,0.0,0.0,0.0,0.0,1.0,916.0
736030,2020-11-07,Knox,Texas,48275.0,114,9.0,275,Texas,Knox,3664,3111.353711790393,245.63318777292577,0.07894736842105263,0.0,0.0,0.0,0.0,0.0,0.0,inf
736031,2020-11-08,Knox,Texas,48275.0,114,9.0,275,Texas,Knox,3664,3111.353711790393,245.63318777292577,0.07894736842105263,0.0,0.0,0.0,0.0,0.0,0.0,inf
736032,2020-11-09,Knox,Texas,48275.0,114,9.0,275,Texas,Knox,3664,3111.353711790393,245.63318777292577,0.07894736842105263,0.0,0.0,0.0,0.0,0.0,0.0,inf
736033,2020-11-10,Knox,Texas,48275.0,114,9.0,275,Texas,Knox,3664,3111.353711790393,245.63318777292577,0.07894736842105263,0.0,0.0,0.0,0.0,0.0,0.0,inf
736034,2020-11-11,Knox,Texas,48275.0,114,9.0,275,Texas,Knox,3664,3111.353711790393,245.63318777292577,0.07894736842105263,0.0,0.0,0.0,0.0,0.0,0.0,inf
736035,2020-11-12,Knox,Texas,48275.0,114,9.0,275,Texas,Knox,3664,3111.353711790393,245.63318777292577,0.07894736842105263,0.0,0.0,0.0,0.0,0.0,0.0,inf
736036,2020-11-13,Knox,Texas,48275.0,115,9.0,275,Texas,Knox,3664,3138.6462882096066,245.63318777292577,0.0782608695652174,1.0,27.292576419213674,0.0,3.898939488459096,0.0,1.0,916.0
736037,2020-11-14,Knox,Texas,48275.0,116,9.0,275,Texas,Knox,3664,3165.9388646288207,245.63318777292577,0.07758620689655173,1.0,27.29257641921413,0.0,7.797878976918257,0.0,2.0,458.0
736038,2020-11-15,Knox,Texas,48275.0,116,9.0,275,Texas,Knox,3664,3165.9388646288207,245.63318777292577,0.07758620689655173,0.0,0.0,0.0,7.797878976918257,0.0,2.0,458.0
736039,2020-11-16,Knox,Texas,48275.0,116,9.0,275,Texas,Knox,3664,3165.9388646288207,245.63318777292577,0.07758620689655173,0.0,0.0,0.0,7.797878976918257,0.0,2.0,458.0
736040,2020-11-17,Knox,Texas,48275.0,116,9.0,275,Texas,Knox,3664,3165.9388646288207,245.63318777292577,0.07758620689655173,0.0,0.0,0.0,7.797878976918257,0.0,2.0,458.0
736041,2020-11-18,Knox,Texas,48275.0,116,9.0,275,Texas,Knox,3664,3165.9388646288207,245.63318777292577,0.07758620689655173,0.0,0.0,0.0,7.797878976918257,0.0,2.0,458.0
736042,2020-11-19,Knox,Texas,48275.0,116,9.0,275,Texas,Knox,3664,3165.9388646288207,245.63318777292577,0.07758620689655173,0.0,0.0,0.0,7.797878976918257,0.0,2.0,458.0
736043,2020-11-20,Knox,Texas,48275.0,117,9.0,275,Texas,Knox,3664,3193.231441048035,245.63318777292577,0.07692307692307693,1.0,27.29257641921413,0.0,7.797878976918322,0.0,3.0,305.33333333333337
736044,2020-11-21,Knox,Texas,48275.0,117,9.0,275,Texas,Knox,3664,3193.231441048035,245.63318777292577,0.07692307692307693,0.0,0.0,0.0,3.898939488459161,0.0,2.0,458.0
736045,2020-11-22,Knox,Texas,48275.0,117,9.0,275,Texas,Knox,3664,3193.231441048035,245.63318777292577,0.07692307692307693,0.0,0.0,0.0,3.898939488459161,0.0,1.0,916.0
736046,2020-11-23,Knox,Texas,48275.0,117,9.0,275,Texas,Knox,3664,3193.231441048035,245.63318777292577,0.07692307692307693,0.0,0.0,0.0,3.898939488459161,0.0,1.0,916.0
736047,2020-11-24,Knox,Texas,48275.0,119,9.0,275,Texas,Knox,3664,3247.8165938864627,245.63318777292577,0.07563025210084033,2.0,54.5851528384278,0.0,11.696818465377419,0.0,3.0,305.33333333333337
736048,2020-11-25,Knox,Texas,48275.0,120,9.0,275,Texas,Knox,3664,3275.109170305677,245.63318777292577,0.075,1.0,27.29257641921413,0.0,15.59575795383658,0.0,4.0,229.0
736049,2020-11-26,Knox,Texas,48275.0,120,9.0,275,Texas,Knox,3664,3275.109170305677,245.63318777292577,0.075,0.0,0.0,0.0,15.59575795383658,0.0,4.0,229.0
736050,2020-11-27,Knox,Texas,48275.0,120,9.0,275,Texas,Knox,3664,3275.109170305677,245.63318777292577,0.075,0.0,0.0,0.0,11.696818465377419,0.0,4.0,229.0
736051,2020-11-28,Knox,Texas,48275.0,120,9.0,275,Texas,Knox,3664,3275.109170305677,245.63318777292577,0.075,0.0,0.0,0.0,11.696818465377419,0.0,3.0,305.33333333333337
736052,2020-11-29,Knox,Texas,48275.0,122,9.0,275,Texas,Knox,3664,3329.694323144105,245.63318777292577,0.07377049180327869,2.0,54.58515283842826,0.0,19.49469744229574,0.0,5.0,183.20000000000002
736053,2020-11-30,Knox,Texas,48275.0,122,9.0,275,Texas,Knox,3664,3329.694323144105,245.63318777292577,0.07377049180327869,0.0,0.0,0.0,19.49469744229574,0.0,5.0,183.20000000000002
736054,2020-12-01,Knox,Texas,48275.0,122,9.0,275,Texas,Knox,3664,3329.694323144105,245.63318777292577,0.07377049180327869,0.0,0.0,0.0,11.696818465377484,0.0,5.0,183.20000000000002
736055,2020-12-02,Knox,Texas,48275.0,123,9.0,275,Texas,Knox,3664,3356.986899563319,245.63318777292577,0.07317073170731707,1.0,27.29257641921413,0.0,11.696818465377484,0.0,4.0,229.0
736056,2020-12-03,Knox,Texas,48275.0,150,9.0,275,Texas,Knox,3664,4093.886462882096,245.63318777292577,0.06,27.0,736.8995633187769,0.0,116.96818465377419,0.0,30.0,30.533333333333335
736057,2020-12-04,Knox,Texas,48275.0,125,9.0,275,Texas,Knox,3664,3411.572052401747,245.63318777292577,0.072,-25.0,-682.3144104803491,0.0,19.49469744229574,0.0,5.0,183.20000000000002
736058,2020-12-05,Knox,Texas,48275.0,125,10.0,275,Texas,Knox,3664,3411.572052401747,272.92576419213975,0.08,0.0,0.0,27.292576419213987,19.49469744229574,3.898939488459141,5.0,183.20000000000002
736059,2020-12-06,Knox,Texas,48275.0,125,10.0,275,Texas,Knox,3664,3411.572052401747,272.92576419213975,0.08,0.0,0.0,0.0,11.696818465377419,3.898939488459141,5.0,183.20000000000002
736060,2020-12-07,Knox,Texas,48275.0,125,10.0,275,Texas,Knox,3664,3411.572052401747,272.92576419213975,0.08,0.0,0.0,0.0,11.696818465377419,3.898939488459141,3.0,305.33333333333337
736061,2020-12-08,Knox,Texas,48275.0,128,10.0,275,Texas,Knox,3664,3493.4497816593885,272.92576419213975,0.078125,3.0,81.87772925764148,0.0,23.393636930754774,3.898939488459141,6.0,152.66666666666669
736062,2020-12-09,Knox,Texas,48275.0,128,10.0,275,Texas,Knox,3664,3493.4497816593885,272.92576419213975,0.078125,0.0,0.0,0.0,19.49469744229561,3.898939488459141,6.0,152.66666666666669
736063,2020-12-10,Knox,Texas,48275.0,129,10.0,275,Texas,Knox,3664,3520.7423580786026,272.92576419213975,0.07751937984496124,1.0,27.29257641921413,0.0,-81.87772925764193,3.898939488459141,6.0,152.66666666666669
736064,2020-12-11,Knox,Texas,48275.0,148,10.0,275,Texas,Knox,3664,4039.301310043668,272.92576419213975,0.06756756756756757,19.0,518.5589519650653,0.0,89.67560823456013,3.898939488459141,-2.0,-458.0
736065,2020-12-12,Knox,Texas,48275.0,149,10.0,275,Texas,Knox,3664,4066.593886462882,272.92576419213975,0.06711409395973154,1.0,27.29257641921413,0.0,93.57454772301928,0.0,24.0,38.16666666666667
736066,2020-12-13,Knox,Texas,48275.0,149,10.0,275,Texas,Knox,3664,4066.593886462882,272.92576419213975,0.06711409395973154,0.0,0.0,0.0,93.57454772301928,0.0,24.0,38.16666666666667
736067,2020-12-14,Knox,Texas,48275.0,149,10.0,275,Texas,Knox,3664,4066.593886462882,272.92576419213975,0.06711409395973154,0.0,0.0,0.0,93.57454772301928,0.0,24.0,38.16666666666667
736068,2020-12-15,Knox,Texas,48275.0,151,10.0,275,Texas,Knox,3664,4121.17903930131,272.92576419213975,0.06622516556291391,2.0,54.5851528384278,0.0,89.67560823456019,0.0,26.0,35.23076923076923
736069,2020-12-16,Knox,Texas,48275.0,151,10.0,275,Texas,Knox,3664,4121.17903930131,272.92576419213975,0.06622516556291391,0.0,0.0,0.0,89.67560823456019,0.0,23.0,39.82608695652174
736070,2020-12-17,Knox,Texas,48275.0,154,10.0,275,Texas,Knox,3664,4203.056768558952,272.92576419213975,0.06493506493506493,3.0,81.87772925764239,0.0,97.47348721147851,0.0,26.0,35.23076923076923
736071,2020-12-18,Knox,Texas,48275.0,154,11.0,275,Texas,Knox,3664,4203.056768558952,300.2183406113537,0.07142857142857142,0.0,0.0,27.292576419213958,23.3936369307549,3.898939488459137,25.0,36.64
736072,2020-12-19,Knox,Texas,48275.0,154,12.0,275,Texas,Knox,3664,4203.056768558952,327.51091703056767,0.07792207792207792,0.0,0.0,27.292576419213958,19.49469744229574,7.797878976918274,6.0,152.66666666666669
736073,2020-12-20,Knox,Texas,48275.0,154,12.0,275,Texas,Knox,3664,4203.056768558952,327.51091703056767,0.07792207792207792,0.0,0.0,0.0,19.49469744229574,7.797878976918274,5.0,183.20000000000002
736074,2020-12-21,Knox,Texas,48275.0,154,12.0,275,Texas,Knox,3664,4203.056768558952,327.51091703056767,0.07792207792207792,0.0,0.0,0.0,19.49469744229574,7.797878976918274,5.0,183.20000000000002
736075,2020-12-22,Knox,Texas,48275.0,155,12.0,275,Texas,Knox,3664,4230.349344978166,327.51091703056767,0.07741935483870968,1.0,27.29257641921413,0.0,15.595757953836644,7.797878976918274,6.0,152.66666666666669
736076,2020-12-23,Knox,Texas,48275.0,158,12.0,275,Texas,Knox,3664,4312.227074235808,327.51091703056767,0.0759493670886076,3.0,81.87772925764148,0.0,27.292576419213997,7.797878976918274,7.0,130.85714285714286
736077,2020-12-24,Knox,Texas,48275.0,158,12.0,275,Texas,Knox,3664,4312.227074235808,327.51091703056767,0.0759493670886076,0.0,0.0,0.0,15.595757953836515,7.797878976918274,7.0,130.85714285714286
736078,2020-12-25,Knox,Texas,48275.0,158,12.0,275,Texas,Knox,3664,4312.227074235808,327.51091703056767,0.0759493670886076,0.0,0.0,0.0,15.595757953836515,3.898939488459137,4.0,229.0
736079,2020-12-26,Knox,Texas,48275.0,158,12.0,275,Texas,Knox,3664,4312.227074235808,327.51091703056767,0.0759493670886076,0.0,0.0,0.0,15.595757953836515,0.0,4.0,229.0
736080,2020-12-27,Knox,Texas,48275.0,158,12.0,275,Texas,Knox,3664,4312.227074235808,327.51091703056767,0.0759493670886076,0.0,0.0,0.0,15.595757953836515,0.0,4.0,229.0
736081,2020-12-28,Knox,Texas,48275.0,158,12.0,275,Texas,Knox,3664,4312.227074235808,327.51091703056767,0.0759493670886076,0.0,0.0,0.0,15.595757953836515,0.0,4.0,229.0
736082,2020-12-29,Knox,Texas,48275.0,160,12.0,275,Texas,Knox,3664,4366.812227074236,327.51091703056767,0.075,2.0,54.58515283842826,0.0,19.494697442295678,0.0,6.0,152.66666666666669
736083,2020-12-30,Knox,Texas,48275.0,160,12.0,275,Texas,Knox,3664,4366.812227074236,327.51091703056767,0.075,0.0,0.0,0.0,7.797878976918322,0.0,5.0,183.20000000000002
736084,2020-12-31,Knox,Texas,48275.0,160,12.0,275,Texas,Knox,3664,4366.812227074236,327.51091703056767,0.075,0.0,0.0,0.0,7.797878976918322,0.0,2.0,458.0
736085,2021-01-01,Knox,Texas,48275.0,160,12.0,275,Texas,Knox,3664,4366.812227074236,327.51091703056767,0.075,0.0,0.0,0.0,7.797878976918322,0.0,2.0,458.0
736086,2021-01-02,Knox,Texas,48275.0,160,12.0,275,Texas,Knox,3664,4366.812227074236,327.51091703056767,0.075,0.0,0.0,0.0,7.797878976918322,0.0,2.0,458.0
736087,2021-01-03,Knox,Texas,48275.0,160,12.0,275,Texas,Knox,3664,4366.812227074236,327.51091703056767,0.075,0.0,0.0,0.0,7.797878976918322,0.0,2.0,458.0
736088,2021-01-04,Knox,Texas,48275.0,160,12.0,275,Texas,Knox,3664,4366.812227074236,327.51091703056767,0.075,0.0,0.0,0.0,7.797878976918322,0.0,2.0,458.0
736089,2021-01-05,Knox,Texas,48275.0,162,12.0,275,Texas,Knox,3664,4421.397379912663,327.51091703056767,0.07407407407407407,2.0,54.58515283842735,0.0,7.797878976918192,0.0,4.0,229.0
736090,2021-01-06,Knox,Texas,48275.0,163,12.0,275,Texas,Knox,3664,4448.6899563318775,327.51091703056767,0.0736196319018405,1.0,27.29257641921413,0.0,11.696818465377353,0.0,3.0,305.33333333333337
736091,2021-01-07,Knox,Texas,48275.0,170,12.0,275,Texas,Knox,3664,4639.7379912663755,327.51091703056767,0.07058823529411765,7.0,191.048034934498,0.0,38.989394884591356,0.0,10.0,91.60000000000001
736092,2021-01-08,Knox,Texas,48275.0,170,12.0,275,Texas,Knox,3664,4639.7379912663755,327.51091703056767,0.07058823529411765,0.0,0.0,0.0,38.989394884591356,0.0,10.0,91.60000000000001
736093,2021-01-09,Knox,Texas,48275.0,173,12.0,275,Texas,Knox,3664,4721.615720524017,327.51091703056767,0.06936416184971098,3.0,81.87772925764148,0.0,50.6862133499687,0.0,13.0,70.46153846153847
736094,2021-01-10,Knox,Texas,48275.0,173,12.0,275,Texas,Knox,3664,4721.615720524017,327.51091703056767,0.06936416184971098,0.0,0.0,0.0,50.6862133499687,0.0,13.0,70.46153846153847
736095,2021-01-11,Knox,Texas,48275.0,173,12.0,275,Texas,Knox,3664,4721.615720524017,327.51091703056767,0.06936416184971098,0.0,0.0,0.0,50.6862133499687,0.0,13.0,70.46153846153847
