,date,county,state,fips,cases,deaths,COUNTY,STNAME,CTYNAME,POPESTIMATE2019,cases_per_100k,deaths_per_100k,death_rate,new_cases,new_cases_per_100k,new_deaths,new_cases_per_100k_ra,new_deaths_ra,active_cases,infected_to_one
824333,2020-09-24,Carter,Montana,30011.0,3,0.0,11,Montana,Carter,1252,239.61661341853033,0.0,0.0,,,,,,,
824334,2020-09-25,Carter,Montana,30011.0,3,0.0,11,Montana,Carter,1252,239.61661341853033,0.0,0.0,0.0,0.0,0.0,,,,
824335,2020-09-26,Carter,Montana,30011.0,4,0.0,11,Montana,Carter,1252,319.4888178913738,0.0,0.0,1.0,79.87220447284346,0.0,,,,
824336,2020-09-27,Carter,Montana,30011.0,4,0.0,11,Montana,Carter,1252,319.4888178913738,0.0,0.0,0.0,0.0,0.0,,,,
824337,2020-09-28,Carter,Montana,30011.0,4,0.0,11,Montana,Carter,1252,319.4888178913738,0.0,0.0,0.0,0.0,0.0,,,,
824338,2020-09-29,Carter,Montana,30011.0,6,0.0,11,Montana,Carter,1252,479.23322683706067,0.0,0.0,2.0,159.74440894568687,0.0,,,,
824339,2020-09-30,Carter,Montana,30011.0,6,0.0,11,Montana,Carter,1252,479.23322683706067,0.0,0.0,0.0,0.0,0.0,,,,
824340,2020-10-01,Carter,Montana,30011.0,6,0.0,11,Montana,Carter,1252,479.23322683706067,0.0,0.0,0.0,0.0,0.0,34.23094477407576,0.0,,
824341,2020-10-02,Carter,Montana,30011.0,9,0.0,11,Montana,Carter,1252,718.8498402555911,0.0,0.0,3.0,239.6166134185304,0.0,68.46188954815153,0.0,6.0,52.16666666666667
824342,2020-10-03,Carter,Montana,30011.0,9,0.0,11,Montana,Carter,1252,718.8498402555911,0.0,0.0,0.0,0.0,0.0,57.05157462345961,0.0,6.0,52.16666666666667
824343,2020-10-04,Carter,Montana,30011.0,9,0.0,11,Montana,Carter,1252,718.8498402555911,0.0,0.0,0.0,0.0,0.0,57.05157462345961,0.0,5.0,62.6
824344,2020-10-05,Carter,Montana,30011.0,9,0.0,11,Montana,Carter,1252,718.8498402555911,0.0,0.0,0.0,0.0,0.0,57.05157462345961,0.0,5.0,62.6
824345,2020-10-06,Carter,Montana,30011.0,9,0.0,11,Montana,Carter,1252,718.8498402555911,0.0,0.0,0.0,0.0,0.0,34.23094477407577,0.0,5.0,62.6
824346,2020-10-07,Carter,Montana,30011.0,9,0.0,11,Montana,Carter,1252,718.8498402555911,0.0,0.0,0.0,0.0,0.0,34.23094477407577,0.0,3.0,104.33333333333334
824347,2020-10-08,Carter,Montana,30011.0,9,0.0,11,Montana,Carter,1252,718.8498402555911,0.0,0.0,0.0,0.0,0.0,34.23094477407577,0.0,3.0,104.33333333333334
824348,2020-10-09,Carter,Montana,30011.0,11,0.0,11,Montana,Carter,1252,878.5942492012779,0.0,0.0,2.0,159.7444089456868,0.0,22.82062984938383,0.0,5.0,62.6
824349,2020-10-10,Carter,Montana,30011.0,8,0.0,11,Montana,Carter,1252,638.9776357827476,0.0,0.0,-3.0,-239.61661341853028,0.0,-11.410314924691923,0.0,-1.0,-313.0
824350,2020-10-11,Carter,Montana,30011.0,9,0.0,11,Montana,Carter,1252,718.8498402555911,0.0,0.0,1.0,79.87220447284346,0.0,0.0,0.0,0.0,inf
824351,2020-10-12,Carter,Montana,30011.0,9,0.0,11,Montana,Carter,1252,718.8498402555911,0.0,0.0,0.0,0.0,0.0,0.0,0.0,0.0,inf
824352,2020-10-13,Carter,Montana,30011.0,11,0.0,11,Montana,Carter,1252,878.5942492012779,0.0,0.0,2.0,159.7444089456868,0.0,22.82062984938383,0.0,2.0,156.5
824353,2020-10-14,Carter,Montana,30011.0,11,0.0,11,Montana,Carter,1252,878.5942492012779,0.0,0.0,0.0,0.0,0.0,22.82062984938383,0.0,2.0,156.5
824354,2020-10-15,Carter,Montana,30011.0,26,0.0,11,Montana,Carter,1252,2076.67731629393,0.0,0.0,15.0,1198.083067092652,0.0,193.9753537197627,0.0,17.0,18.411764705882355
824355,2020-10-16,Carter,Montana,30011.0,28,0.0,11,Montana,Carter,1252,2236.4217252396165,0.0,0.0,2.0,159.7444089456867,0.0,193.9753537197627,0.0,19.0,16.473684210526315
824356,2020-10-17,Carter,Montana,30011.0,31,0.0,11,Montana,Carter,1252,2476.038338658147,0.0,0.0,3.0,239.6166134185305,0.0,262.4372432679142,0.0,20.0,15.65
824357,2020-10-18,Carter,Montana,30011.0,32,0.0,11,Montana,Carter,1252,2555.9105431309904,0.0,0.0,1.0,79.87220447284335,0.0,262.4372432679142,0.0,24.0,13.041666666666668
824358,2020-10-19,Carter,Montana,30011.0,32,0.0,11,Montana,Carter,1252,2555.9105431309904,0.0,0.0,0.0,0.0,0.0,262.4372432679142,0.0,23.0,13.608695652173914
824359,2020-10-20,Carter,Montana,30011.0,32,0.0,11,Montana,Carter,1252,2555.9105431309904,0.0,0.0,0.0,0.0,0.0,239.61661341853036,0.0,23.0,13.608695652173914
824360,2020-10-21,Carter,Montana,30011.0,32,0.0,11,Montana,Carter,1252,2555.9105431309904,0.0,0.0,0.0,0.0,0.0,239.61661341853036,0.0,21.0,14.904761904761905
824361,2020-10-22,Carter,Montana,30011.0,46,0.0,11,Montana,Carter,1252,3674.1214057507987,0.0,0.0,14.0,1118.2108626198083,0.0,228.2062984938384,0.0,35.0,8.942857142857143
824362,2020-10-23,Carter,Montana,30011.0,46,0.0,11,Montana,Carter,1252,3674.1214057507987,0.0,0.0,0.0,0.0,0.0,205.3856686444546,0.0,20.0,15.65
824363,2020-10-24,Carter,Montana,30011.0,53,0.0,11,Montana,Carter,1252,4233.2268370607035,0.0,0.0,7.0,559.1054313099048,0.0,251.02692834322235,0.0,25.0,12.520000000000001
824364,2020-10-25,Carter,Montana,30011.0,53,0.0,11,Montana,Carter,1252,4233.2268370607035,0.0,0.0,0.0,0.0,0.0,239.61661341853045,0.0,22.0,14.227272727272728
824365,2020-10-26,Carter,Montana,30011.0,53,0.0,11,Montana,Carter,1252,4233.2268370607035,0.0,0.0,0.0,0.0,0.0,239.61661341853045,0.0,21.0,14.904761904761905
824366,2020-10-27,Carter,Montana,30011.0,56,0.0,11,Montana,Carter,1252,4472.843450479233,0.0,0.0,3.0,239.6166134185296,0.0,273.8475581926061,0.0,24.0,13.041666666666668
824367,2020-10-28,Carter,Montana,30011.0,66,0.0,11,Montana,Carter,1252,5271.5654952076675,0.0,0.0,10.0,798.7220447284344,0.0,387.9507074395253,0.0,34.0,9.205882352941178
824368,2020-10-29,Carter,Montana,30011.0,69,0.0,11,Montana,Carter,1252,5511.182108626198,0.0,0.0,3.0,239.6166134185305,0.0,262.4372432679142,0.0,37.0,8.45945945945946
824369,2020-10-30,Carter,Montana,30011.0,73,2.0,11,Montana,Carter,1252,5830.670926517572,159.7444089456869,0.0273972602739726,4.0,319.4888178913743,159.7444089456869,308.0785029666819,22.82062984938384,27.0,11.592592592592593
824370,2020-10-31,Carter,Montana,30011.0,73,2.0,11,Montana,Carter,1252,5830.670926517572,159.7444089456869,0.0273972602739726,0.0,0.0,0.0,228.2062984938384,22.82062984938384,27.0,11.592592592592593
824371,2020-11-01,Carter,Montana,30011.0,77,2.0,11,Montana,Carter,1252,6150.159744408946,159.7444089456869,0.025974025974025976,4.0,319.4888178913734,0.0,273.847558192606,22.82062984938384,24.0,13.041666666666668
824372,2020-11-02,Carter,Montana,30011.0,77,2.0,11,Montana,Carter,1252,6150.159744408946,159.7444089456869,0.025974025974025976,0.0,0.0,0.0,273.847558192606,22.82062984938384,24.0,13.041666666666668
824373,2020-11-03,Carter,Montana,30011.0,77,2.0,11,Montana,Carter,1252,6150.159744408946,159.7444089456869,0.025974025974025976,0.0,0.0,0.0,239.61661341853036,22.82062984938384,24.0,13.041666666666668
824374,2020-11-04,Carter,Montana,30011.0,77,2.0,11,Montana,Carter,1252,6150.159744408946,159.7444089456869,0.025974025974025976,0.0,0.0,0.0,125.51346417161118,22.82062984938384,21.0,14.904761904761905
824375,2020-11-05,Carter,Montana,30011.0,84,2.0,11,Montana,Carter,1252,6709.26517571885,159.7444089456869,0.023809523809523808,7.0,559.1054313099039,0.0,171.1547238703788,22.82062984938384,18.0,17.38888888888889
824376,2020-11-06,Carter,Montana,30011.0,84,2.0,11,Montana,Carter,1252,6709.26517571885,159.7444089456869,0.023809523809523808,0.0,0.0,0.0,125.51346417161105,0.0,15.0,20.866666666666667
824377,2020-11-07,Carter,Montana,30011.0,86,2.0,11,Montana,Carter,1252,6869.009584664537,159.7444089456869,0.023255813953488372,2.0,159.7444089456876,0.0,148.334094020995,0.0,13.0,24.076923076923077
824378,2020-11-08,Carter,Montana,30011.0,86,2.0,11,Montana,Carter,1252,6869.009584664537,159.7444089456869,0.023255813953488372,0.0,0.0,0.0,102.69283432222736,0.0,13.0,24.076923076923077
824379,2020-11-09,Carter,Montana,30011.0,86,2.0,11,Montana,Carter,1252,6869.009584664537,159.7444089456869,0.023255813953488372,0.0,0.0,0.0,102.69283432222736,0.0,9.0,34.77777777777778
824380,2020-11-10,Carter,Montana,30011.0,86,2.0,11,Montana,Carter,1252,6869.009584664537,159.7444089456869,0.023255813953488372,0.0,0.0,0.0,102.69283432222736,0.0,9.0,34.77777777777778
824381,2020-11-11,Carter,Montana,30011.0,86,2.0,11,Montana,Carter,1252,6869.009584664537,159.7444089456869,0.023255813953488372,0.0,0.0,0.0,102.69283432222736,0.0,9.0,34.77777777777778
824382,2020-11-12,Carter,Montana,30011.0,86,2.0,11,Montana,Carter,1252,6869.009584664537,159.7444089456869,0.023255813953488372,0.0,0.0,0.0,22.820629849383945,0.0,9.0,34.77777777777778
824383,2020-11-13,Carter,Montana,30011.0,86,2.0,11,Montana,Carter,1252,6869.009584664537,159.7444089456869,0.023255813953488372,0.0,0.0,0.0,22.820629849383945,0.0,2.0,156.5
824384,2020-11-14,Carter,Montana,30011.0,95,3.0,11,Montana,Carter,1252,7587.859424920128,239.61661341853033,0.031578947368421054,9.0,718.8498402555906,79.87220447284344,102.69283432222723,11.410314924691919,11.0,28.454545454545457
824385,2020-11-15,Carter,Montana,30011.0,98,3.0,11,Montana,Carter,1252,7827.476038338658,239.61661341853033,0.030612244897959183,3.0,239.6166134185305,0.0,136.923779096303,11.410314924691919,12.0,26.083333333333336
824386,2020-11-16,Carter,Montana,30011.0,98,3.0,11,Montana,Carter,1252,7827.476038338658,239.61661341853033,0.030612244897959183,0.0,0.0,0.0,136.923779096303,11.410314924691919,12.0,26.083333333333336
824387,2020-11-17,Carter,Montana,30011.0,97,3.0,11,Montana,Carter,1252,7747.603833865814,239.61661341853033,0.030927835051546393,-1.0,-79.87220447284471,0.0,125.51346417161092,11.410314924691919,11.0,28.454545454545457
824388,2020-11-18,Carter,Montana,30011.0,99,3.0,11,Montana,Carter,1252,7907.348242811501,239.61661341853033,0.030303030303030304,2.0,159.7444089456876,0.0,148.33409402099485,11.410314924691919,13.0,24.076923076923077
824389,2020-11-19,Carter,Montana,30011.0,100,3.0,11,Montana,Carter,1252,7987.220447284345,239.61661341853033,0.03,1.0,79.8722044728438,0.0,159.74440894568684,11.410314924691919,14.0,22.357142857142858
824390,2020-11-20,Carter,Montana,30011.0,105,3.0,11,Montana,Carter,1252,8386.581469648563,239.61661341853033,0.02857142857142857,5.0,399.3610223642181,0.0,216.79598356914656,11.410314924691919,19.0,16.473684210526315
824391,2020-11-21,Carter,Montana,30011.0,108,3.0,11,Montana,Carter,1252,8626.198083067093,239.61661341853033,0.027777777777777776,3.0,239.6166134185296,0.0,148.334094020995,0.0,22.0,14.227272727272728
824392,2020-11-22,Carter,Montana,30011.0,109,3.0,11,Montana,Carter,1252,8706.070287539937,239.61661341853033,0.027522935779816515,1.0,79.8722044728438,0.0,125.51346417161118,0.0,14.0,22.357142857142858
824393,2020-11-23,Carter,Montana,30011.0,109,3.0,11,Montana,Carter,1252,8706.070287539937,239.61661341853033,0.027522935779816515,0.0,0.0,0.0,125.51346417161118,0.0,11.0,28.454545454545457
824394,2020-11-24,Carter,Montana,30011.0,109,3.0,11,Montana,Carter,1252,8706.070287539937,239.61661341853033,0.027522935779816515,0.0,0.0,0.0,136.92377909630326,0.0,11.0,28.454545454545457
824395,2020-11-25,Carter,Montana,30011.0,110,3.0,11,Montana,Carter,1252,8785.94249201278,239.61661341853033,0.02727272727272727,1.0,79.8722044728438,0.0,125.5134641716113,0.0,13.0,24.076923076923077
824396,2020-11-26,Carter,Montana,30011.0,110,3.0,11,Montana,Carter,1252,8785.94249201278,239.61661341853033,0.02727272727272727,0.0,0.0,0.0,114.10314924691933,0.0,11.0,28.454545454545457
824397,2020-11-27,Carter,Montana,30011.0,109,3.0,11,Montana,Carter,1252,8706.070287539937,239.61661341853033,0.027522935779816515,-1.0,-79.8722044728438,0.0,45.64125969876763,0.0,9.0,34.77777777777778
824398,2020-11-28,Carter,Montana,30011.0,112,3.0,11,Montana,Carter,1252,8945.686900958466,239.61661341853033,0.026785714285714284,3.0,239.6166134185296,0.0,45.64125969876763,0.0,7.0,44.714285714285715
824399,2020-11-29,Carter,Montana,30011.0,112,3.0,11,Montana,Carter,1252,8945.686900958466,239.61661341853033,0.026785714285714284,0.0,0.0,0.0,34.23094477407566,0.0,4.0,78.25
824400,2020-11-30,Carter,Montana,30011.0,113,3.0,11,Montana,Carter,1252,9025.55910543131,239.61661341853033,0.02654867256637168,1.0,79.8722044728438,0.0,45.64125969876763,0.0,4.0,78.25
824401,2020-12-01,Carter,Montana,30011.0,113,3.0,11,Montana,Carter,1252,9025.55910543131,239.61661341853033,0.02654867256637168,0.0,0.0,0.0,45.64125969876763,0.0,4.0,78.25
824402,2020-12-02,Carter,Montana,30011.0,121,4.0,11,Montana,Carter,1252,9664.536741214059,319.4888178913738,0.03305785123966942,8.0,638.9776357827486,79.87220447284346,125.51346417161118,11.410314924691923,12.0,26.083333333333336
824403,2020-12-03,Carter,Montana,30011.0,120,4.0,11,Montana,Carter,1252,9584.664536741213,319.4888178913738,0.03333333333333333,-1.0,-79.87220447284562,0.0,114.10314924691895,11.410314924691923,10.0,31.3
824404,2020-12-04,Carter,Montana,30011.0,123,4.0,11,Montana,Carter,1252,9824.281150159744,319.4888178913738,0.032520325203252036,3.0,239.61661341853141,0.0,159.74440894568684,11.410314924691923,13.0,24.076923076923077
824405,2020-12-05,Carter,Montana,30011.0,122,4.0,11,Montana,Carter,1252,9744.4089456869,319.4888178913738,0.03278688524590164,-1.0,-79.8722044728438,0.0,114.1031492469192,11.410314924691923,13.0,24.076923076923077
824406,2020-12-06,Carter,Montana,30011.0,123,4.0,11,Montana,Carter,1252,9824.281150159744,319.4888178913738,0.032520325203252036,1.0,79.8722044728438,0.0,125.51346417161118,11.410314924691923,11.0,28.454545454545457
824407,2020-12-07,Carter,Montana,30011.0,123,4.0,11,Montana,Carter,1252,9824.281150159744,319.4888178913738,0.032520325203252036,0.0,0.0,0.0,114.1031492469192,11.410314924691923,11.0,28.454545454545457
824408,2020-12-08,Carter,Montana,30011.0,122,4.0,11,Montana,Carter,1252,9744.4089456869,319.4888178913738,0.03278688524590164,-1.0,-79.8722044728438,0.0,102.69283432222723,11.410314924691923,9.0,34.77777777777778
824409,2020-12-09,Carter,Montana,30011.0,123,4.0,11,Montana,Carter,1252,9824.281150159744,319.4888178913738,0.032520325203252036,1.0,79.8722044728438,0.0,22.820629849383685,0.0,10.0,31.3
824410,2020-12-10,Carter,Montana,30011.0,126,4.0,11,Montana,Carter,1252,10063.897763578276,319.4888178913738,0.031746031746031744,3.0,239.61661341853141,0.0,68.46188954815183,0.0,5.0,62.6
824411,2020-12-11,Carter,Montana,30011.0,127,4.0,11,Montana,Carter,1252,10143.769968051118,319.4888178913738,0.031496062992125984,1.0,79.87220447284199,0.0,45.64125969876763,0.0,7.0,44.714285714285715
824412,2020-12-12,Carter,Montana,30011.0,130,4.0,11,Montana,Carter,1252,10383.38658146965,319.4888178913738,0.03076923076923077,3.0,239.61661341853141,0.0,91.28251939753552,0.0,7.0,44.714285714285715
824413,2020-12-13,Carter,Montana,30011.0,131,4.0,11,Montana,Carter,1252,10463.258785942491,319.4888178913738,0.030534351145038167,1.0,79.87220447284199,0.0,91.28251939753525,0.0,9.0,34.77777777777778
824414,2020-12-14,Carter,Montana,30011.0,131,4.0,11,Montana,Carter,1252,10463.258785942491,319.4888178913738,0.030534351145038167,0.0,0.0,0.0,91.28251939753525,0.0,8.0,39.125
824415,2020-12-15,Carter,Montana,30011.0,129,4.0,11,Montana,Carter,1252,10303.514376996805,319.4888178913738,0.031007751937984496,-2.0,-159.7444089456858,0.0,79.87220447284355,0.0,6.0,52.16666666666667
824416,2020-12-16,Carter,Montana,30011.0,132,4.0,11,Montana,Carter,1252,10543.130990415335,319.4888178913738,0.030303030303030304,3.0,239.6166134185296,0.0,102.69283432222723,0.0,10.0,31.3
824417,2020-12-17,Carter,Montana,30011.0,134,4.0,11,Montana,Carter,1252,10702.875399361023,319.4888178913738,0.029850746268656716,2.0,159.7444089456876,0.0,91.28251939753525,0.0,11.0,28.454545454545457
824418,2020-12-18,Carter,Montana,30011.0,136,4.0,11,Montana,Carter,1252,10862.619808306708,319.4888178913738,0.029411764705882353,2.0,159.7444089456858,0.0,102.69283432222723,0.0,10.0,31.3
824419,2020-12-19,Carter,Montana,30011.0,134,4.0,11,Montana,Carter,1252,10702.875399361023,319.4888178913738,0.029850746268656716,-2.0,-159.7444089456858,0.0,45.64125969876763,0.0,7.0,44.714285714285715
824420,2020-12-20,Carter,Montana,30011.0,136,4.0,11,Montana,Carter,1252,10862.619808306708,319.4888178913738,0.029411764705882353,2.0,159.7444089456858,0.0,57.0515746234596,0.0,6.0,52.16666666666667
824421,2020-12-21,Carter,Montana,30011.0,134,4.0,11,Montana,Carter,1252,10702.875399361023,319.4888178913738,0.029850746268656716,-2.0,-159.7444089456858,0.0,34.230944774075915,0.0,3.0,104.33333333333334
