,date,county,state,fips,cases,deaths,COUNTY,STNAME,CTYNAME,POPESTIMATE2019,cases_per_100k,deaths_per_100k,death_rate,new_cases,new_cases_per_100k,new_deaths,new_cases_per_100k_ra,new_deaths_ra,active_cases,infected_to_one
823851,2020-09-10,De Baca,New Mexico,35011.0,1,0.0,11,New Mexico,De Baca,1748,57.20823798627002,0.0,0.0,,,,,,,
823852,2020-09-11,De Baca,New Mexico,35011.0,1,0.0,11,New Mexico,De Baca,1748,57.20823798627002,0.0,0.0,0.0,0.0,0.0,,,,
823853,2020-09-12,De Baca,New Mexico,35011.0,2,0.0,11,New Mexico,De Baca,1748,114.41647597254004,0.0,0.0,1.0,57.20823798627002,0.0,,,,
823854,2020-09-13,De Baca,New Mexico,35011.0,2,0.0,11,New Mexico,De Baca,1748,114.41647597254004,0.0,0.0,0.0,0.0,0.0,,,,
823855,2020-09-14,De Baca,New Mexico,35011.0,2,0.0,11,New Mexico,De Baca,1748,114.41647597254004,0.0,0.0,0.0,0.0,0.0,,,,
823856,2020-09-15,De Baca,New Mexico,35011.0,1,0.0,11,New Mexico,De Baca,1748,57.20823798627002,0.0,0.0,-1.0,-57.20823798627002,0.0,,,,
823857,2020-09-16,De Baca,New Mexico,35011.0,1,0.0,11,New Mexico,De Baca,1748,57.20823798627002,0.0,0.0,0.0,0.0,0.0,,,,
823858,2020-09-17,De Baca,New Mexico,35011.0,1,0.0,11,New Mexico,De Baca,1748,57.20823798627002,0.0,0.0,0.0,0.0,0.0,0.0,0.0,,
823859,2020-09-18,De Baca,New Mexico,35011.0,1,0.0,11,New Mexico,De Baca,1748,57.20823798627002,0.0,0.0,0.0,0.0,0.0,0.0,0.0,0.0,inf
823860,2020-09-19,De Baca,New Mexico,35011.0,1,0.0,11,New Mexico,De Baca,1748,57.20823798627002,0.0,0.0,0.0,0.0,0.0,-8.172605426610003,0.0,0.0,inf
823861,2020-09-20,De Baca,New Mexico,35011.0,1,0.0,11,New Mexico,De Baca,1748,57.20823798627002,0.0,0.0,0.0,0.0,0.0,-8.172605426610003,0.0,-1.0,-437.0
823862,2020-09-21,De Baca,New Mexico,35011.0,1,0.0,11,New Mexico,De Baca,1748,57.20823798627002,0.0,0.0,0.0,0.0,0.0,-8.172605426610003,0.0,-1.0,-437.0
823863,2020-09-22,De Baca,New Mexico,35011.0,1,0.0,11,New Mexico,De Baca,1748,57.20823798627002,0.0,0.0,0.0,0.0,0.0,0.0,0.0,-1.0,-437.0
823864,2020-09-23,De Baca,New Mexico,35011.0,1,0.0,11,New Mexico,De Baca,1748,57.20823798627002,0.0,0.0,0.0,0.0,0.0,0.0,0.0,0.0,inf
823865,2020-09-24,De Baca,New Mexico,35011.0,1,0.0,11,New Mexico,De Baca,1748,57.20823798627002,0.0,0.0,0.0,0.0,0.0,0.0,0.0,0.0,inf
823866,2020-09-25,De Baca,New Mexico,35011.0,1,0.0,11,New Mexico,De Baca,1748,57.20823798627002,0.0,0.0,0.0,0.0,0.0,0.0,0.0,0.0,inf
823867,2020-09-26,De Baca,New Mexico,35011.0,1,0.0,11,New Mexico,De Baca,1748,57.20823798627002,0.0,0.0,0.0,0.0,0.0,0.0,0.0,0.0,inf
823868,2020-09-27,De Baca,New Mexico,35011.0,1,0.0,11,New Mexico,De Baca,1748,57.20823798627002,0.0,0.0,0.0,0.0,0.0,0.0,0.0,0.0,inf
823869,2020-09-28,De Baca,New Mexico,35011.0,1,0.0,11,New Mexico,De Baca,1748,57.20823798627002,0.0,0.0,0.0,0.0,0.0,0.0,0.0,0.0,inf
823870,2020-09-29,De Baca,New Mexico,35011.0,1,0.0,11,New Mexico,De Baca,1748,57.20823798627002,0.0,0.0,0.0,0.0,0.0,0.0,0.0,0.0,inf
823871,2020-09-30,De Baca,New Mexico,35011.0,1,0.0,11,New Mexico,De Baca,1748,57.20823798627002,0.0,0.0,0.0,0.0,0.0,0.0,0.0,0.0,inf
823872,2020-10-01,De Baca,New Mexico,35011.0,1,0.0,11,New Mexico,De Baca,1748,57.20823798627002,0.0,0.0,0.0,0.0,0.0,0.0,0.0,0.0,inf
823873,2020-10-02,De Baca,New Mexico,35011.0,1,0.0,11,New Mexico,De Baca,1748,57.20823798627002,0.0,0.0,0.0,0.0,0.0,0.0,0.0,0.0,inf
823874,2020-10-03,De Baca,New Mexico,35011.0,1,0.0,11,New Mexico,De Baca,1748,57.20823798627002,0.0,0.0,0.0,0.0,0.0,0.0,0.0,0.0,inf
823875,2020-10-04,De Baca,New Mexico,35011.0,1,0.0,11,New Mexico,De Baca,1748,57.20823798627002,0.0,0.0,0.0,0.0,0.0,0.0,0.0,0.0,inf
823876,2020-10-05,De Baca,New Mexico,35011.0,1,0.0,11,New Mexico,De Baca,1748,57.20823798627002,0.0,0.0,0.0,0.0,0.0,0.0,0.0,0.0,inf
823877,2020-10-06,De Baca,New Mexico,35011.0,1,0.0,11,New Mexico,De Baca,1748,57.20823798627002,0.0,0.0,0.0,0.0,0.0,0.0,0.0,0.0,inf
823878,2020-10-07,De Baca,New Mexico,35011.0,1,0.0,11,New Mexico,De Baca,1748,57.20823798627002,0.0,0.0,0.0,0.0,0.0,0.0,0.0,0.0,inf
823879,2020-10-08,De Baca,New Mexico,35011.0,1,0.0,11,New Mexico,De Baca,1748,57.20823798627002,0.0,0.0,0.0,0.0,0.0,0.0,0.0,0.0,inf
823880,2020-10-09,De Baca,New Mexico,35011.0,1,0.0,11,New Mexico,De Baca,1748,57.20823798627002,0.0,0.0,0.0,0.0,0.0,0.0,0.0,0.0,inf
823881,2020-10-10,De Baca,New Mexico,35011.0,1,0.0,11,New Mexico,De Baca,1748,57.20823798627002,0.0,0.0,0.0,0.0,0.0,0.0,0.0,0.0,inf
823882,2020-10-11,De Baca,New Mexico,35011.0,1,0.0,11,New Mexico,De Baca,1748,57.20823798627002,0.0,0.0,0.0,0.0,0.0,0.0,0.0,0.0,inf
823883,2020-10-12,De Baca,New Mexico,35011.0,1,0.0,11,New Mexico,De Baca,1748,57.20823798627002,0.0,0.0,0.0,0.0,0.0,0.0,0.0,0.0,inf
823884,2020-10-13,De Baca,New Mexico,35011.0,1,0.0,11,New Mexico,De Baca,1748,57.20823798627002,0.0,0.0,0.0,0.0,0.0,0.0,0.0,0.0,inf
823885,2020-10-14,De Baca,New Mexico,35011.0,3,0.0,11,New Mexico,De Baca,1748,171.62471395881005,0.0,0.0,2.0,114.41647597254003,0.0,16.345210853220003,0.0,2.0,218.5
823886,2020-10-15,De Baca,New Mexico,35011.0,1,0.0,11,New Mexico,De Baca,1748,57.20823798627002,0.0,0.0,-2.0,-114.41647597254003,0.0,0.0,0.0,0.0,inf
823887,2020-10-16,De Baca,New Mexico,35011.0,1,0.0,11,New Mexico,De Baca,1748,57.20823798627002,0.0,0.0,0.0,0.0,0.0,0.0,0.0,0.0,inf
823888,2020-10-17,De Baca,New Mexico,35011.0,1,0.0,11,New Mexico,De Baca,1748,57.20823798627002,0.0,0.0,0.0,0.0,0.0,0.0,0.0,0.0,inf
823889,2020-10-18,De Baca,New Mexico,35011.0,1,0.0,11,New Mexico,De Baca,1748,57.20823798627002,0.0,0.0,0.0,0.0,0.0,0.0,0.0,0.0,inf
823890,2020-10-19,De Baca,New Mexico,35011.0,1,0.0,11,New Mexico,De Baca,1748,57.20823798627002,0.0,0.0,0.0,0.0,0.0,0.0,0.0,0.0,inf
823891,2020-10-20,De Baca,New Mexico,35011.0,1,0.0,11,New Mexico,De Baca,1748,57.20823798627002,0.0,0.0,0.0,0.0,0.0,0.0,0.0,0.0,inf
823892,2020-10-21,De Baca,New Mexico,35011.0,1,0.0,11,New Mexico,De Baca,1748,57.20823798627002,0.0,0.0,0.0,0.0,0.0,-16.345210853220003,0.0,0.0,inf
823893,2020-10-22,De Baca,New Mexico,35011.0,1,0.0,11,New Mexico,De Baca,1748,57.20823798627002,0.0,0.0,0.0,0.0,0.0,0.0,0.0,-2.0,-218.5
823894,2020-10-23,De Baca,New Mexico,35011.0,1,0.0,11,New Mexico,De Baca,1748,57.20823798627002,0.0,0.0,0.0,0.0,0.0,0.0,0.0,0.0,inf
823895,2020-10-24,De Baca,New Mexico,35011.0,1,0.0,11,New Mexico,De Baca,1748,57.20823798627002,0.0,0.0,0.0,0.0,0.0,0.0,0.0,0.0,inf
823896,2020-10-25,De Baca,New Mexico,35011.0,1,0.0,11,New Mexico,De Baca,1748,57.20823798627002,0.0,0.0,0.0,0.0,0.0,0.0,0.0,0.0,inf
823897,2020-10-26,De Baca,New Mexico,35011.0,1,0.0,11,New Mexico,De Baca,1748,57.20823798627002,0.0,0.0,0.0,0.0,0.0,0.0,0.0,0.0,inf
823898,2020-10-27,De Baca,New Mexico,35011.0,1,0.0,11,New Mexico,De Baca,1748,57.20823798627002,0.0,0.0,0.0,0.0,0.0,0.0,0.0,0.0,inf
823899,2020-10-28,De Baca,New Mexico,35011.0,2,0.0,11,New Mexico,De Baca,1748,114.41647597254004,0.0,0.0,1.0,57.20823798627002,0.0,8.172605426610003,0.0,1.0,437.0
823900,2020-10-29,De Baca,New Mexico,35011.0,2,0.0,11,New Mexico,De Baca,1748,114.41647597254004,0.0,0.0,0.0,0.0,0.0,8.172605426610003,0.0,1.0,437.0
823901,2020-10-30,De Baca,New Mexico,35011.0,2,0.0,11,New Mexico,De Baca,1748,114.41647597254004,0.0,0.0,0.0,0.0,0.0,8.172605426610003,0.0,1.0,437.0
823902,2020-10-31,De Baca,New Mexico,35011.0,2,0.0,11,New Mexico,De Baca,1748,114.41647597254004,0.0,0.0,0.0,0.0,0.0,8.172605426610003,0.0,1.0,437.0
823903,2020-11-01,De Baca,New Mexico,35011.0,2,0.0,11,New Mexico,De Baca,1748,114.41647597254004,0.0,0.0,0.0,0.0,0.0,8.172605426610003,0.0,1.0,437.0
823904,2020-11-02,De Baca,New Mexico,35011.0,3,0.0,11,New Mexico,De Baca,1748,171.62471395881005,0.0,0.0,1.0,57.20823798627001,0.0,16.345210853220003,0.0,2.0,218.5
823905,2020-11-03,De Baca,New Mexico,35011.0,3,0.0,11,New Mexico,De Baca,1748,171.62471395881005,0.0,0.0,0.0,0.0,0.0,16.345210853220003,0.0,2.0,218.5
823906,2020-11-04,De Baca,New Mexico,35011.0,2,0.0,11,New Mexico,De Baca,1748,114.41647597254004,0.0,0.0,-1.0,-57.20823798627001,0.0,0.0,0.0,1.0,437.0
823907,2020-11-05,De Baca,New Mexico,35011.0,3,0.0,11,New Mexico,De Baca,1748,171.62471395881005,0.0,0.0,1.0,57.20823798627001,0.0,8.172605426610001,0.0,1.0,437.0
823908,2020-11-06,De Baca,New Mexico,35011.0,3,0.0,11,New Mexico,De Baca,1748,171.62471395881005,0.0,0.0,0.0,0.0,0.0,8.172605426610001,0.0,1.0,437.0
823909,2020-11-07,De Baca,New Mexico,35011.0,4,0.0,11,New Mexico,De Baca,1748,228.83295194508008,0.0,0.0,1.0,57.208237986270035,0.0,16.345210853220006,0.0,2.0,218.5
823910,2020-11-08,De Baca,New Mexico,35011.0,5,0.0,11,New Mexico,De Baca,1748,286.0411899313501,0.0,0.0,1.0,57.208237986270035,0.0,24.51781627983001,0.0,3.0,145.66666666666669
823911,2020-11-09,De Baca,New Mexico,35011.0,8,0.0,11,New Mexico,De Baca,1748,457.66590389016017,0.0,0.0,3.0,171.62471395881005,0.0,40.86302713305002,0.0,6.0,72.83333333333334
823912,2020-11-10,De Baca,New Mexico,35011.0,16,0.0,11,New Mexico,De Baca,1748,915.3318077803203,0.0,0.0,8.0,457.66590389016017,0.0,106.24387054593004,0.0,13.0,33.61538461538461
823913,2020-11-11,De Baca,New Mexico,35011.0,19,0.0,11,New Mexico,De Baca,1748,1086.9565217391305,0.0,0.0,3.0,171.62471395881016,0.0,138.93429225237006,0.0,16.0,27.3125
823914,2020-11-12,De Baca,New Mexico,35011.0,21,0.0,11,New Mexico,De Baca,1748,1201.3729977116705,0.0,0.0,2.0,114.41647597253996,0.0,147.10689767898006,0.0,19.0,23.0
823915,2020-11-13,De Baca,New Mexico,35011.0,22,0.0,11,New Mexico,De Baca,1748,1258.5812356979404,0.0,0.0,1.0,57.20823798626998,0.0,155.27950310559007,0.0,19.0,23.0
823916,2020-11-14,De Baca,New Mexico,35011.0,23,0.0,11,New Mexico,De Baca,1748,1315.7894736842104,0.0,0.0,1.0,57.20823798626998,0.0,155.27950310559007,0.0,20.0,21.85
823917,2020-11-15,De Baca,New Mexico,35011.0,23,0.0,11,New Mexico,De Baca,1748,1315.7894736842104,0.0,0.0,0.0,0.0,0.0,147.10689767898006,0.0,19.0,23.0
823918,2020-11-16,De Baca,New Mexico,35011.0,24,0.0,11,New Mexico,De Baca,1748,1372.9977116704804,0.0,0.0,1.0,57.20823798626998,0.0,130.76168682576005,0.0,19.0,23.0
823919,2020-11-17,De Baca,New Mexico,35011.0,25,0.0,11,New Mexico,De Baca,1748,1430.2059496567506,0.0,0.0,1.0,57.208237986270206,0.0,73.55344883949007,0.0,17.0,25.705882352941178
823920,2020-11-18,De Baca,New Mexico,35011.0,27,0.0,11,New Mexico,De Baca,1748,1544.6224256292908,0.0,0.0,2.0,114.41647597254018,0.0,65.38084341288007,0.0,11.0,39.72727272727273
823921,2020-11-19,De Baca,New Mexico,35011.0,27,0.0,11,New Mexico,De Baca,1748,1544.6224256292908,0.0,0.0,0.0,0.0,0.0,49.03563255966008,0.0,8.0,54.625
823922,2020-11-20,De Baca,New Mexico,35011.0,30,0.0,11,New Mexico,De Baca,1748,1716.2471395881007,0.0,0.0,3.0,171.62471395880993,0.0,65.38084341288007,0.0,9.0,48.55555555555556
823923,2020-11-21,De Baca,New Mexico,35011.0,32,0.0,11,New Mexico,De Baca,1748,1830.6636155606407,0.0,0.0,2.0,114.41647597253996,0.0,73.55344883949007,0.0,10.0,43.7
823924,2020-11-22,De Baca,New Mexico,35011.0,32,0.0,11,New Mexico,De Baca,1748,1830.6636155606407,0.0,0.0,0.0,0.0,0.0,73.55344883949007,0.0,9.0,48.55555555555556
823925,2020-11-23,De Baca,New Mexico,35011.0,32,0.0,11,New Mexico,De Baca,1748,1830.6636155606407,0.0,0.0,0.0,0.0,0.0,65.38084341288007,0.0,9.0,48.55555555555556
823926,2020-11-24,De Baca,New Mexico,35011.0,38,0.0,11,New Mexico,De Baca,1748,2173.913043478261,0.0,0.0,6.0,343.2494279176203,0.0,106.2438705459301,0.0,14.0,31.21428571428571
823927,2020-11-25,De Baca,New Mexico,35011.0,38,0.0,11,New Mexico,De Baca,1748,2173.913043478261,0.0,0.0,0.0,0.0,0.0,89.89865969271007,0.0,13.0,33.61538461538461
823928,2020-11-26,De Baca,New Mexico,35011.0,41,0.0,11,New Mexico,De Baca,1748,2345.537757437071,0.0,0.0,3.0,171.62471395880993,0.0,114.41647597254006,0.0,14.0,31.21428571428571
823929,2020-11-27,De Baca,New Mexico,35011.0,42,0.0,11,New Mexico,De Baca,1748,2402.745995423341,0.0,0.0,1.0,57.20823798626998,0.0,98.07126511932006,0.0,15.0,29.133333333333333
823930,2020-11-28,De Baca,New Mexico,35011.0,43,0.0,11,New Mexico,De Baca,1748,2459.954233409611,0.0,0.0,1.0,57.20823798626998,0.0,89.89865969271007,0.0,13.0,33.61538461538461
823931,2020-11-29,De Baca,New Mexico,35011.0,44,0.0,11,New Mexico,De Baca,1748,2517.162471395881,0.0,0.0,1.0,57.20823798626998,0.0,98.07126511932006,0.0,12.0,36.41666666666667
823932,2020-11-30,De Baca,New Mexico,35011.0,44,0.0,11,New Mexico,De Baca,1748,2517.162471395881,0.0,0.0,0.0,0.0,0.0,98.07126511932006,0.0,12.0,36.41666666666667
823933,2020-12-01,De Baca,New Mexico,35011.0,44,0.0,11,New Mexico,De Baca,1748,2517.162471395881,0.0,0.0,0.0,0.0,0.0,49.035632559660016,0.0,12.0,36.41666666666667
823934,2020-12-02,De Baca,New Mexico,35011.0,48,0.0,11,New Mexico,De Baca,1748,2745.9954233409608,0.0,0.0,4.0,228.8329519450799,0.0,81.72605426610001,0.0,10.0,43.7
823935,2020-12-03,De Baca,New Mexico,35011.0,49,0.0,11,New Mexico,De Baca,1748,2803.203661327231,0.0,0.0,1.0,57.20823798627043,0.0,65.38084341288007,0.0,11.0,39.72727272727273
823936,2020-12-04,De Baca,New Mexico,35011.0,53,0.0,11,New Mexico,De Baca,1748,3032.036613272311,0.0,0.0,4.0,228.8329519450799,0.0,89.89865969271007,0.0,12.0,36.41666666666667
823937,2020-12-05,De Baca,New Mexico,35011.0,56,0.0,11,New Mexico,De Baca,1748,3203.6613272311215,0.0,0.0,3.0,171.6247139588104,0.0,106.24387054593012,0.0,14.0,31.21428571428571
823938,2020-12-06,De Baca,New Mexico,35011.0,67,0.0,11,New Mexico,De Baca,1748,3832.9519450800917,0.0,0.0,11.0,629.2906178489702,0.0,187.96992481203014,0.0,24.0,18.208333333333336
823939,2020-12-07,De Baca,New Mexico,35011.0,68,0.0,11,New Mexico,De Baca,1748,3890.1601830663617,0.0,0.0,1.0,57.20823798626998,0.0,196.14253023864015,0.0,24.0,18.208333333333336
823940,2020-12-08,De Baca,New Mexico,35011.0,68,0.0,11,New Mexico,De Baca,1748,3890.1601830663617,0.0,0.0,0.0,0.0,0.0,196.14253023864015,0.0,24.0,18.208333333333336
823941,2020-12-09,De Baca,New Mexico,35011.0,69,0.0,11,New Mexico,De Baca,1748,3947.368421052631,0.0,0.0,1.0,57.20823798626952,0.0,171.6247139588101,0.0,25.0,17.48
823942,2020-12-10,De Baca,New Mexico,35011.0,69,0.0,11,New Mexico,De Baca,1748,3947.368421052631,0.0,0.0,0.0,0.0,0.0,163.45210853220004,0.0,21.0,20.80952380952381
823943,2020-12-11,De Baca,New Mexico,35011.0,70,0.0,11,New Mexico,De Baca,1748,4004.576659038902,0.0,0.0,1.0,57.20823798627089,0.0,138.93429225237017,0.0,21.0,20.80952380952381
823944,2020-12-12,De Baca,New Mexico,35011.0,70,0.0,11,New Mexico,De Baca,1748,4004.576659038902,0.0,0.0,0.0,0.0,0.0,114.41647597254011,0.0,17.0,25.705882352941178
823945,2020-12-13,De Baca,New Mexico,35011.0,70,0.0,11,New Mexico,De Baca,1748,4004.576659038902,0.0,0.0,0.0,0.0,0.0,24.51781627983009,0.0,14.0,31.21428571428571
823946,2020-12-14,De Baca,New Mexico,35011.0,73,0.0,11,New Mexico,De Baca,1748,4176.201372997712,0.0,0.0,3.0,171.62471395880948,0.0,40.86302713305002,0.0,6.0,72.83333333333334
823947,2020-12-15,De Baca,New Mexico,35011.0,74,0.0,11,New Mexico,De Baca,1748,4233.409610983982,0.0,0.0,1.0,57.20823798627043,0.0,49.03563255966008,0.0,6.0,72.83333333333334
823948,2020-12-16,De Baca,New Mexico,35011.0,76,0.0,11,New Mexico,De Baca,1748,4347.826086956522,0.0,0.0,2.0,114.41647597253996,0.0,57.20823798627014,0.0,8.0,54.625
823949,2020-12-17,De Baca,New Mexico,35011.0,78,0.0,11,New Mexico,De Baca,1748,4462.242562929062,0.0,0.0,2.0,114.41647597253996,0.0,73.55344883949013,0.0,9.0,48.55555555555556
823950,2020-12-18,De Baca,New Mexico,35011.0,79,0.0,11,New Mexico,De Baca,1748,4519.4508009153315,0.0,0.0,1.0,57.20823798626952,0.0,73.55344883948995,0.0,10.0,43.7
823951,2020-12-19,De Baca,New Mexico,35011.0,82,0.0,11,New Mexico,De Baca,1748,4691.075514874142,0.0,0.0,3.0,171.6247139588104,0.0,98.07126511931999,0.0,12.0,36.41666666666667
823952,2020-12-20,De Baca,New Mexico,35011.0,82,0.0,11,New Mexico,De Baca,1748,4691.075514874142,0.0,0.0,0.0,0.0,0.0,98.07126511931999,0.0,12.0,36.41666666666667
823953,2020-12-21,De Baca,New Mexico,35011.0,82,0.0,11,New Mexico,De Baca,1748,4691.075514874142,0.0,0.0,0.0,0.0,0.0,73.55344883949007,0.0,12.0,36.41666666666667
