,date,county,state,fips,cases,deaths,COUNTY,STNAME,CTYNAME,POPESTIMATE2019,cases_per_100k,deaths_per_100k,death_rate,new_cases,new_cases_per_100k,new_deaths,new_cases_per_100k_ra,new_deaths_ra,active_cases,infected_to_one
701259,2020-04-05,Phillips,Arkansas,5107.0,1,0.0,107,Arkansas,Phillips,17782,5.623664379709819,0.0,0.0,,,,,,,
701260,2020-04-06,Phillips,Arkansas,5107.0,1,0.0,107,Arkansas,Phillips,17782,5.623664379709819,0.0,0.0,0.0,0.0,0.0,,,,
701261,2020-04-07,Phillips,Arkansas,5107.0,1,0.0,107,Arkansas,Phillips,17782,5.623664379709819,0.0,0.0,0.0,0.0,0.0,,,,
701262,2020-04-08,Phillips,Arkansas,5107.0,1,0.0,107,Arkansas,Phillips,17782,5.623664379709819,0.0,0.0,0.0,0.0,0.0,,,,
701263,2020-04-09,Phillips,Arkansas,5107.0,2,0.0,107,Arkansas,Phillips,17782,11.247328759419638,0.0,0.0,1.0,5.623664379709819,0.0,,,,
701264,2020-04-10,Phillips,Arkansas,5107.0,3,0.0,107,Arkansas,Phillips,17782,16.870993139129457,0.0,0.0,1.0,5.623664379709819,0.0,,,,
701265,2020-04-11,Phillips,Arkansas,5107.0,3,0.0,107,Arkansas,Phillips,17782,16.870993139129457,0.0,0.0,0.0,0.0,0.0,,,,
701266,2020-04-12,Phillips,Arkansas,5107.0,3,1.0,107,Arkansas,Phillips,17782,16.870993139129457,5.623664379709819,0.3333333333333333,0.0,0.0,5.623664379709819,1.6067612513456626,0.8033806256728313,,
701267,2020-04-13,Phillips,Arkansas,5107.0,4,1.0,107,Arkansas,Phillips,17782,22.494657518839276,5.623664379709819,0.25,1.0,5.623664379709819,0.0,2.4101418770184937,0.8033806256728313,3.0,1481.8333333333335
701268,2020-04-14,Phillips,Arkansas,5107.0,4,1.0,107,Arkansas,Phillips,17782,22.494657518839276,5.623664379709819,0.25,0.0,0.0,0.0,2.4101418770184937,0.8033806256728313,3.0,1481.8333333333335
701269,2020-04-15,Phillips,Arkansas,5107.0,4,1.0,107,Arkansas,Phillips,17782,22.494657518839276,5.623664379709819,0.25,0.0,0.0,0.0,2.4101418770184937,0.8033806256728313,3.0,1481.8333333333335
701270,2020-04-16,Phillips,Arkansas,5107.0,4,1.0,107,Arkansas,Phillips,17782,22.494657518839276,5.623664379709819,0.25,0.0,0.0,0.0,1.6067612513456626,0.8033806256728313,3.0,1481.8333333333335
701271,2020-04-17,Phillips,Arkansas,5107.0,4,1.0,107,Arkansas,Phillips,17782,22.494657518839276,5.623664379709819,0.25,0.0,0.0,0.0,0.8033806256728313,0.8033806256728313,2.0,2222.75
701272,2020-04-18,Phillips,Arkansas,5107.0,4,1.0,107,Arkansas,Phillips,17782,22.494657518839276,5.623664379709819,0.25,0.0,0.0,0.0,0.8033806256728313,0.8033806256728313,1.0,4445.5
701273,2020-04-19,Phillips,Arkansas,5107.0,4,1.0,107,Arkansas,Phillips,17782,22.494657518839276,5.623664379709819,0.25,0.0,0.0,0.0,0.8033806256728313,0.0,1.0,4445.5
701274,2020-04-20,Phillips,Arkansas,5107.0,4,1.0,107,Arkansas,Phillips,17782,22.494657518839276,5.623664379709819,0.25,0.0,0.0,0.0,0.0,0.0,1.0,4445.5
701275,2020-04-21,Phillips,Arkansas,5107.0,4,1.0,107,Arkansas,Phillips,17782,22.494657518839276,5.623664379709819,0.25,0.0,0.0,0.0,0.0,0.0,0.0,inf
701276,2020-04-22,Phillips,Arkansas,5107.0,4,1.0,107,Arkansas,Phillips,17782,22.494657518839276,5.623664379709819,0.25,0.0,0.0,0.0,0.0,0.0,0.0,inf
701277,2020-04-23,Phillips,Arkansas,5107.0,4,1.0,107,Arkansas,Phillips,17782,22.494657518839276,5.623664379709819,0.25,0.0,0.0,0.0,0.0,0.0,0.0,inf
701278,2020-04-24,Phillips,Arkansas,5107.0,4,1.0,107,Arkansas,Phillips,17782,22.494657518839276,5.623664379709819,0.25,0.0,0.0,0.0,0.0,0.0,0.0,inf
701279,2020-04-25,Phillips,Arkansas,5107.0,4,1.0,107,Arkansas,Phillips,17782,22.494657518839276,5.623664379709819,0.25,0.0,0.0,0.0,0.0,0.0,0.0,inf
701280,2020-04-26,Phillips,Arkansas,5107.0,4,1.0,107,Arkansas,Phillips,17782,22.494657518839276,5.623664379709819,0.25,0.0,0.0,0.0,0.0,0.0,0.0,inf
701281,2020-04-27,Phillips,Arkansas,5107.0,5,1.0,107,Arkansas,Phillips,17782,28.118321898549095,5.623664379709819,0.2,1.0,5.623664379709819,0.0,0.8033806256728313,0.0,1.0,4445.5
701282,2020-04-28,Phillips,Arkansas,5107.0,5,1.0,107,Arkansas,Phillips,17782,28.118321898549095,5.623664379709819,0.2,0.0,0.0,0.0,0.8033806256728313,0.0,1.0,4445.5
701283,2020-04-29,Phillips,Arkansas,5107.0,5,1.0,107,Arkansas,Phillips,17782,28.118321898549095,5.623664379709819,0.2,0.0,0.0,0.0,0.8033806256728313,0.0,1.0,4445.5
701284,2020-04-30,Phillips,Arkansas,5107.0,5,1.0,107,Arkansas,Phillips,17782,28.118321898549095,5.623664379709819,0.2,0.0,0.0,0.0,0.8033806256728313,0.0,1.0,4445.5
701285,2020-05-01,Phillips,Arkansas,5107.0,5,1.0,107,Arkansas,Phillips,17782,28.118321898549095,5.623664379709819,0.2,0.0,0.0,0.0,0.8033806256728313,0.0,1.0,4445.5
701286,2020-05-02,Phillips,Arkansas,5107.0,5,1.0,107,Arkansas,Phillips,17782,28.118321898549095,5.623664379709819,0.2,0.0,0.0,0.0,0.8033806256728313,0.0,1.0,4445.5
701287,2020-05-03,Phillips,Arkansas,5107.0,6,1.0,107,Arkansas,Phillips,17782,33.74198627825891,5.623664379709819,0.16666666666666666,1.0,5.623664379709819,0.0,1.6067612513456626,0.0,2.0,2222.75
701288,2020-05-04,Phillips,Arkansas,5107.0,6,1.0,107,Arkansas,Phillips,17782,33.74198627825891,5.623664379709819,0.16666666666666666,0.0,0.0,0.0,0.8033806256728313,0.0,2.0,2222.75
701289,2020-05-05,Phillips,Arkansas,5107.0,5,1.0,107,Arkansas,Phillips,17782,28.118321898549095,5.623664379709819,0.2,-1.0,-5.623664379709819,0.0,0.0,0.0,0.0,inf
701290,2020-05-06,Phillips,Arkansas,5107.0,5,1.0,107,Arkansas,Phillips,17782,28.118321898549095,5.623664379709819,0.2,0.0,0.0,0.0,0.0,0.0,0.0,inf
701291,2020-05-07,Phillips,Arkansas,5107.0,4,1.0,107,Arkansas,Phillips,17782,22.494657518839276,5.623664379709819,0.25,-1.0,-5.623664379709819,0.0,-0.8033806256728313,0.0,-1.0,-4445.5
701292,2020-05-08,Phillips,Arkansas,5107.0,4,1.0,107,Arkansas,Phillips,17782,22.494657518839276,5.623664379709819,0.25,0.0,0.0,0.0,-0.8033806256728313,0.0,-1.0,-4445.5
701293,2020-05-09,Phillips,Arkansas,5107.0,4,1.0,107,Arkansas,Phillips,17782,22.494657518839276,5.623664379709819,0.25,0.0,0.0,0.0,-0.8033806256728313,0.0,-1.0,-4445.5
701294,2020-05-10,Phillips,Arkansas,5107.0,4,1.0,107,Arkansas,Phillips,17782,22.494657518839276,5.623664379709819,0.25,0.0,0.0,0.0,-1.6067612513456626,0.0,-1.0,-4445.5
701295,2020-05-11,Phillips,Arkansas,5107.0,4,1.0,107,Arkansas,Phillips,17782,22.494657518839276,5.623664379709819,0.25,0.0,0.0,0.0,-1.6067612513456626,0.0,-2.0,-2222.75
701296,2020-05-12,Phillips,Arkansas,5107.0,4,1.0,107,Arkansas,Phillips,17782,22.494657518839276,5.623664379709819,0.25,0.0,0.0,0.0,-0.8033806256728313,0.0,-2.0,-2222.75
701297,2020-05-13,Phillips,Arkansas,5107.0,4,1.0,107,Arkansas,Phillips,17782,22.494657518839276,5.623664379709819,0.25,0.0,0.0,0.0,-0.8033806256728313,0.0,-1.0,-4445.5
701298,2020-05-14,Phillips,Arkansas,5107.0,4,1.0,107,Arkansas,Phillips,17782,22.494657518839276,5.623664379709819,0.25,0.0,0.0,0.0,0.0,0.0,-1.0,-4445.5
701299,2020-05-15,Phillips,Arkansas,5107.0,4,1.0,107,Arkansas,Phillips,17782,22.494657518839276,5.623664379709819,0.25,0.0,0.0,0.0,0.0,0.0,0.0,inf
701300,2020-05-16,Phillips,Arkansas,5107.0,4,1.0,107,Arkansas,Phillips,17782,22.494657518839276,5.623664379709819,0.25,0.0,0.0,0.0,0.0,0.0,0.0,inf
701301,2020-05-17,Phillips,Arkansas,5107.0,5,1.0,107,Arkansas,Phillips,17782,28.118321898549095,5.623664379709819,0.2,1.0,5.623664379709819,0.0,0.8033806256728313,0.0,1.0,4445.5
701302,2020-05-18,Phillips,Arkansas,5107.0,5,1.0,107,Arkansas,Phillips,17782,28.118321898549095,5.623664379709819,0.2,0.0,0.0,0.0,0.8033806256728313,0.0,1.0,4445.5
701303,2020-05-19,Phillips,Arkansas,5107.0,5,1.0,107,Arkansas,Phillips,17782,28.118321898549095,5.623664379709819,0.2,0.0,0.0,0.0,0.8033806256728313,0.0,1.0,4445.5
701304,2020-05-20,Phillips,Arkansas,5107.0,5,1.0,107,Arkansas,Phillips,17782,28.118321898549095,5.623664379709819,0.2,0.0,0.0,0.0,0.8033806256728313,0.0,1.0,4445.5
701305,2020-05-21,Phillips,Arkansas,5107.0,6,1.0,107,Arkansas,Phillips,17782,33.74198627825891,5.623664379709819,0.16666666666666666,1.0,5.623664379709819,0.0,1.6067612513456626,0.0,2.0,2222.75
701306,2020-05-22,Phillips,Arkansas,5107.0,7,1.0,107,Arkansas,Phillips,17782,39.36565065796873,5.623664379709819,0.14285714285714285,1.0,5.623664379709815,0.0,2.4101418770184933,0.0,3.0,1481.8333333333335
701307,2020-05-23,Phillips,Arkansas,5107.0,7,1.0,107,Arkansas,Phillips,17782,39.36565065796873,5.623664379709819,0.14285714285714285,0.0,0.0,0.0,2.4101418770184933,0.0,3.0,1481.8333333333335
701308,2020-05-24,Phillips,Arkansas,5107.0,9,1.0,107,Arkansas,Phillips,17782,50.61297941738837,5.623664379709819,0.1111111111111111,2.0,11.247328759419638,0.0,3.213522502691325,0.0,5.0,889.1
701309,2020-05-25,Phillips,Arkansas,5107.0,9,1.0,107,Arkansas,Phillips,17782,50.61297941738837,5.623664379709819,0.1111111111111111,0.0,0.0,0.0,3.213522502691325,0.0,4.0,1111.375
701310,2020-05-26,Phillips,Arkansas,5107.0,9,1.0,107,Arkansas,Phillips,17782,50.61297941738837,5.623664379709819,0.1111111111111111,0.0,0.0,0.0,3.213522502691325,0.0,4.0,1111.375
701311,2020-05-27,Phillips,Arkansas,5107.0,12,1.0,107,Arkansas,Phillips,17782,67.48397255651783,5.623664379709819,0.08333333333333333,3.0,16.87099313912946,0.0,5.623664379709818,0.0,7.0,635.0714285714286
701312,2020-05-28,Phillips,Arkansas,5107.0,12,1.0,107,Arkansas,Phillips,17782,67.48397255651783,5.623664379709819,0.08333333333333333,0.0,0.0,0.0,4.8202837540369865,0.0,7.0,635.0714285714286
701313,2020-05-29,Phillips,Arkansas,5107.0,19,1.0,107,Arkansas,Phillips,17782,106.84962321448656,5.623664379709819,0.05263157894736842,7.0,39.36565065796873,0.0,9.640567508073973,0.0,13.0,341.96153846153845
701314,2020-05-30,Phillips,Arkansas,5107.0,20,1.0,107,Arkansas,Phillips,17782,112.47328759419638,5.623664379709819,0.05,1.0,5.6236643797098225,0.0,10.443948133746805,0.0,13.0,341.96153846153845
701315,2020-05-31,Phillips,Arkansas,5107.0,21,1.0,107,Arkansas,Phillips,17782,118.09695197390619,5.623664379709819,0.047619047619047616,1.0,5.623664379709808,0.0,9.640567508073973,0.0,14.0,317.5357142857143
701316,2020-06-01,Phillips,Arkansas,5107.0,22,1.0,107,Arkansas,Phillips,17782,123.72061635361601,5.623664379709819,0.045454545454545456,1.0,5.6236643797098225,0.0,10.443948133746805,0.0,13.0,341.96153846153845
701317,2020-06-02,Phillips,Arkansas,5107.0,24,1.0,107,Arkansas,Phillips,17782,134.96794511303565,5.623664379709819,0.041666666666666664,2.0,11.247328759419645,0.0,12.05070938509247,0.0,15.0,296.3666666666667
701318,2020-06-03,Phillips,Arkansas,5107.0,24,1.0,107,Arkansas,Phillips,17782,134.96794511303565,5.623664379709819,0.041666666666666664,0.0,0.0,0.0,9.640567508073973,0.0,15.0,296.3666666666667
701319,2020-06-04,Phillips,Arkansas,5107.0,25,1.0,107,Arkansas,Phillips,17782,140.59160949274548,5.623664379709819,0.04,1.0,5.6236643797098225,0.0,10.443948133746805,0.0,13.0,341.96153846153845
701320,2020-06-05,Phillips,Arkansas,5107.0,25,1.0,107,Arkansas,Phillips,17782,140.59160949274548,5.623664379709819,0.04,0.0,0.0,0.0,4.8202837540369865,0.0,13.0,341.96153846153845
701321,2020-06-06,Phillips,Arkansas,5107.0,26,1.0,107,Arkansas,Phillips,17782,146.2152738724553,5.623664379709819,0.038461538461538464,1.0,5.6236643797098225,0.0,4.8202837540369865,0.0,7.0,635.0714285714286
701322,2020-06-07,Phillips,Arkansas,5107.0,26,1.0,107,Arkansas,Phillips,17782,146.2152738724553,5.623664379709819,0.038461538461538464,0.0,0.0,0.0,4.016903128364157,0.0,6.0,740.9166666666667
701323,2020-06-08,Phillips,Arkansas,5107.0,27,1.0,107,Arkansas,Phillips,17782,151.8389382521651,5.623664379709819,0.037037037037037035,1.0,5.623664379709794,0.0,4.016903128364153,0.0,6.0,740.9166666666667
701324,2020-06-09,Phillips,Arkansas,5107.0,30,1.0,107,Arkansas,Phillips,17782,168.70993139129456,5.623664379709819,0.03333333333333333,3.0,16.870993139129467,0.0,4.820283754036985,0.0,8.0,555.6875
701325,2020-06-10,Phillips,Arkansas,5107.0,30,1.0,107,Arkansas,Phillips,17782,168.70993139129456,5.623664379709819,0.03333333333333333,0.0,0.0,0.0,4.820283754036985,0.0,6.0,740.9166666666667
701326,2020-06-11,Phillips,Arkansas,5107.0,31,1.0,107,Arkansas,Phillips,17782,174.33359577100438,5.623664379709819,0.03225806451612903,1.0,5.6236643797098225,0.0,4.820283754036985,0.0,7.0,635.0714285714286
701327,2020-06-12,Phillips,Arkansas,5107.0,32,1.0,107,Arkansas,Phillips,17782,179.9572601507142,5.623664379709819,0.03125,1.0,5.6236643797098225,0.0,5.623664379709816,0.0,7.0,635.0714285714286
701328,2020-06-13,Phillips,Arkansas,5107.0,36,1.0,107,Arkansas,Phillips,17782,202.45191766955347,5.623664379709819,0.027777777777777776,4.0,22.49465751883926,0.0,8.033806256728308,0.0,11.0,404.1363636363636
701329,2020-06-14,Phillips,Arkansas,5107.0,39,1.0,107,Arkansas,Phillips,17782,219.32291080868296,5.623664379709819,0.02564102564102564,3.0,16.870993139129496,0.0,10.443948133746806,0.0,13.0,341.96153846153845
701330,2020-06-15,Phillips,Arkansas,5107.0,49,1.0,107,Arkansas,Phillips,17782,275.55955460578116,5.623664379709819,0.02040816326530612,10.0,56.236643797098196,0.0,17.67437376480229,0.0,23.0,193.2826086956522
701331,2020-06-16,Phillips,Arkansas,5107.0,52,1.0,107,Arkansas,Phillips,17782,292.4305477449106,5.623664379709819,0.019230769230769232,3.0,16.87099313912944,0.0,17.674373764802287,0.0,25.0,177.82
701332,2020-06-17,Phillips,Arkansas,5107.0,53,1.0,107,Arkansas,Phillips,17782,298.0542121246204,5.623664379709819,0.018867924528301886,1.0,5.623664379709794,0.0,18.477754390475116,0.0,23.0,193.2826086956522
701333,2020-06-18,Phillips,Arkansas,5107.0,64,1.0,107,Arkansas,Phillips,17782,359.9145203014284,5.623664379709819,0.015625,11.0,61.86030817680802,0.0,26.511560647203428,0.0,34.0,130.75
701334,2020-06-19,Phillips,Arkansas,5107.0,75,1.0,107,Arkansas,Phillips,17782,421.7748284782364,5.623664379709819,0.013333333333333334,11.0,61.86030817680796,0.0,34.545366903931736,0.0,44.0,101.0340909090909
701335,2020-06-20,Phillips,Arkansas,5107.0,79,2.0,107,Arkansas,Phillips,17782,444.26948599707566,11.247328759419638,0.02531645569620253,4.0,22.49465751883929,5.623664379709819,34.54536690393174,0.8033806256728313,47.0,94.58510638297872
701336,2020-06-21,Phillips,Arkansas,5107.0,79,2.0,107,Arkansas,Phillips,17782,444.26948599707566,11.247328759419638,0.02531645569620253,0.0,0.0,0.0,32.13522502691324,0.8033806256728313,43.0,103.38372093023256
701337,2020-06-22,Phillips,Arkansas,5107.0,87,2.0,107,Arkansas,Phillips,17782,489.2588010347542,11.247328759419638,0.022988505747126436,8.0,44.98931503767852,0.0,30.52846377556758,0.8033806256728313,48.0,92.61458333333334
701338,2020-06-23,Phillips,Arkansas,5107.0,90,3.0,107,Arkansas,Phillips,17782,506.12979417388374,16.870993139129457,0.03333333333333333,3.0,16.870993139129553,5.623664379709819,30.528463775567594,1.6067612513456626,41.0,108.42682926829268
701339,2020-06-24,Phillips,Arkansas,5107.0,91,3.0,107,Arkansas,Phillips,17782,511.7534585535935,16.870993139129457,0.03296703296703297,1.0,5.623664379709737,0.0,30.528463775567587,1.6067612513456626,39.0,113.98717948717947
701340,2020-06-25,Phillips,Arkansas,5107.0,104,3.0,107,Arkansas,Phillips,17782,584.8610954898212,16.870993139129457,0.028846153846153848,13.0,73.10763693622772,0.0,32.13522502691326,1.6067612513456626,51.0,87.16666666666666
701341,2020-06-26,Phillips,Arkansas,5107.0,109,3.0,107,Arkansas,Phillips,17782,612.9794173883703,16.870993139129457,0.027522935779816515,5.0,28.118321898549084,0.0,27.31494127287628,1.6067612513456626,45.0,98.78888888888888
701342,2020-06-27,Phillips,Arkansas,5107.0,127,3.0,107,Arkansas,Phillips,17782,714.205376223147,16.870993139129457,0.023622047244094488,18.0,101.22595883477675,0.0,38.56227003229592,0.8033806256728313,52.0,85.49038461538461
701343,2020-06-28,Phillips,Arkansas,5107.0,132,3.0,107,Arkansas,Phillips,17782,742.3236981216961,16.870993139129457,0.022727272727272728,5.0,28.118321898549084,0.0,42.57917316066007,0.8033806256728313,53.0,83.87735849056604
701344,2020-06-29,Phillips,Arkansas,5107.0,140,3.0,107,Arkansas,Phillips,17782,787.3130131593747,16.870993139129457,0.02142857142857143,8.0,44.98931503767858,0.0,42.57917316066008,0.8033806256728313,61.0,72.87704918032787
701345,2020-06-30,Phillips,Arkansas,5107.0,142,3.0,107,Arkansas,Phillips,17782,798.5603419187942,16.870993139129457,0.02112676056338028,2.0,11.247328759419474,0.0,41.77579253498721,0.0,55.0,80.82727272727273
701346,2020-07-01,Phillips,Arkansas,5107.0,143,3.0,107,Arkansas,Phillips,17782,804.1840062985041,16.870993139129457,0.02097902097902098,1.0,5.623664379709908,0.0,41.77579253498724,0.0,53.0,83.87735849056604
701347,2020-07-02,Phillips,Arkansas,5107.0,149,3.0,107,Arkansas,Phillips,17782,837.9259925767631,16.870993139129457,0.020134228187919462,6.0,33.74198627825899,0.0,36.15212815527742,0.0,58.0,76.64655172413794
701348,2020-07-03,Phillips,Arkansas,5107.0,155,3.0,107,Arkansas,Phillips,17782,871.6679788550219,16.870993139129457,0.01935483870967742,6.0,33.74198627825888,0.0,36.95550878095025,0.0,51.0,87.16666666666666
701349,2020-07-04,Phillips,Arkansas,5107.0,155,4.0,107,Arkansas,Phillips,17782,871.6679788550219,22.494657518839276,0.025806451612903226,0.0,0.0,5.623664379709819,22.494657518839283,0.8033806256728313,46.0,96.6413043478261
701350,2020-07-05,Phillips,Arkansas,5107.0,155,4.0,107,Arkansas,Phillips,17782,871.6679788550219,22.494657518839276,0.025806451612903226,0.0,0.0,0.0,18.477754390475127,0.8033806256728313,28.0,158.76785714285714
701351,2020-07-06,Phillips,Arkansas,5107.0,156,5.0,107,Arkansas,Phillips,17782,877.2916432347319,28.118321898549095,0.03205128205128205,1.0,5.623664379709908,5.623664379709819,12.854090010765317,1.6067612513456626,24.0,185.22916666666669
701352,2020-07-07,Phillips,Arkansas,5107.0,159,5.0,107,Arkansas,Phillips,17782,894.1626363738611,28.118321898549095,0.031446540880503145,3.0,16.87099313912927,0.0,13.657470636438145,1.6067612513456626,19.0,233.97368421052633
701353,2020-07-08,Phillips,Arkansas,5107.0,160,5.0,107,Arkansas,Phillips,17782,899.786300753571,28.118321898549095,0.03125,1.0,5.623664379709908,0.0,13.657470636438145,1.6067612513456626,18.0,246.97222222222223
701354,2020-07-09,Phillips,Arkansas,5107.0,165,5.0,107,Arkansas,Phillips,17782,927.9046226521202,28.118321898549095,0.030303030303030304,5.0,28.118321898549198,0.0,12.854090010765317,1.6067612513456626,22.0,202.0681818181818
701355,2020-07-10,Phillips,Arkansas,5107.0,171,5.0,107,Arkansas,Phillips,17782,961.6466089303791,28.118321898549095,0.029239766081871343,6.0,33.74198627825888,0.0,12.854090010765317,1.6067612513456626,22.0,202.0681818181818
701356,2020-07-11,Phillips,Arkansas,5107.0,172,5.0,107,Arkansas,Phillips,17782,967.2702733100889,28.118321898549095,0.029069767441860465,1.0,5.623664379709794,0.0,13.657470636438145,0.8033806256728313,17.0,261.5
701357,2020-07-12,Phillips,Arkansas,5107.0,173,5.0,107,Arkansas,Phillips,17782,972.8939376897987,28.118321898549095,0.028901734104046242,1.0,5.623664379709794,0.0,14.460851262110973,0.8033806256728313,18.0,246.97222222222223
701358,2020-07-13,Phillips,Arkansas,5107.0,175,5.0,107,Arkansas,Phillips,17782,984.1412664492183,28.118321898549095,0.02857142857142857,2.0,11.247328759419588,0.0,15.264231887783783,0.0,20.0,222.275
701359,2020-07-14,Phillips,Arkansas,5107.0,191,5.0,107,Arkansas,Phillips,17782,1074.1198965245753,28.118321898549095,0.02617801047120419,16.0,89.97863007535705,0.0,25.70818002153061,0.0,35.0,127.0142857142857
701360,2020-07-15,Phillips,Arkansas,5107.0,192,5.0,107,Arkansas,Phillips,17782,1079.7435609042852,28.118321898549095,0.026041666666666668,1.0,5.623664379709908,0.0,25.70818002153061,0.0,33.0,134.71212121212122
701361,2020-07-16,Phillips,Arkansas,5107.0,193,6.0,107,Arkansas,Phillips,17782,1085.3672252839951,33.74198627825891,0.031088082901554404,1.0,5.623664379709908,5.623664379709819,22.494657518839283,0.8033806256728313,33.0,134.71212121212122
701362,2020-07-17,Phillips,Arkansas,5107.0,193,6.0,107,Arkansas,Phillips,17782,1085.3672252839951,33.74198627825891,0.031088082901554404,0.0,0.0,0.0,17.6743737648023,0.8033806256728313,28.0,158.76785714285714
701363,2020-07-18,Phillips,Arkansas,5107.0,205,6.0,107,Arkansas,Phillips,17782,1152.851197840513,33.74198627825891,0.02926829268292683,12.0,67.48397255651776,0.0,26.511560647203435,0.8033806256728313,34.0,130.75
701364,2020-07-19,Phillips,Arkansas,5107.0,208,6.0,107,Arkansas,Phillips,17782,1169.7221909796424,33.74198627825891,0.028846153846153848,3.0,16.870993139129496,0.0,28.11832189854911,0.8033806256728313,36.0,123.48611111111111
701365,2020-07-20,Phillips,Arkansas,5107.0,214,6.0,107,Arkansas,Phillips,17782,1203.4641772579012,33.74198627825891,0.028037383177570093,6.0,33.741986278258764,0.0,31.33184440124042,0.8033806256728313,41.0,108.42682926829268
701366,2020-07-21,Phillips,Arkansas,5107.0,217,6.0,107,Arkansas,Phillips,17782,1220.3351703970307,33.74198627825891,0.027649769585253458,3.0,16.870993139129496,0.0,20.887896267493627,0.8033806256728313,42.0,105.8452380952381
701367,2020-07-22,Phillips,Arkansas,5107.0,219,6.0,107,Arkansas,Phillips,17782,1231.5824991564505,33.74198627825891,0.0273972602739726,2.0,11.247328759419815,0.0,21.69127689316647,0.8033806256728313,28.0,158.76785714285714
701368,2020-07-23,Phillips,Arkansas,5107.0,226,6.0,107,Arkansas,Phillips,17782,1270.9481498144191,33.74198627825891,0.02654867256637168,7.0,39.36565065796867,0.0,26.511560647203435,0.0,34.0,130.75
701369,2020-07-24,Phillips,Arkansas,5107.0,230,6.0,107,Arkansas,Phillips,17782,1293.4428073332585,33.74198627825891,0.02608695652173913,4.0,22.494657518839404,0.0,29.72508314989478,0.0,37.0,120.14864864864865
701370,2020-07-25,Phillips,Arkansas,5107.0,242,6.0,107,Arkansas,Phillips,17782,1360.926779889776,33.74198627825891,0.024793388429752067,12.0,67.48397255651753,0.0,29.725083149894747,0.0,49.0,90.72448979591836
701371,2020-07-26,Phillips,Arkansas,5107.0,250,6.0,107,Arkansas,Phillips,17782,1405.9160949274547,33.74198627825891,0.024,8.0,44.98931503767858,0.0,33.7419862782589,0.0,45.0,98.78888888888888
701372,2020-07-27,Phillips,Arkansas,5107.0,250,6.0,107,Arkansas,Phillips,17782,1405.9160949274547,33.74198627825891,0.024,0.0,0.0,0.0,28.921702524221935,0.0,42.0,105.8452380952381
701373,2020-07-28,Phillips,Arkansas,5107.0,256,6.0,107,Arkansas,Phillips,17782,1439.6580812057136,33.74198627825891,0.0234375,6.0,33.74198627825899,0.0,31.331844401240435,0.0,42.0,105.8452380952381
701374,2020-07-29,Phillips,Arkansas,5107.0,260,6.0,107,Arkansas,Phillips,17782,1462.152738724553,33.74198627825891,0.023076923076923078,4.0,22.494657518839404,0.0,32.93860565258609,0.0,43.0,103.38372093023256
701375,2020-07-30,Phillips,Arkansas,5107.0,265,6.0,107,Arkansas,Phillips,17782,1490.271060623102,33.74198627825891,0.022641509433962263,5.0,28.118321898548857,0.0,31.331844401240403,0.0,46.0,96.6413043478261
701376,2020-07-31,Phillips,Arkansas,5107.0,270,6.0,107,Arkansas,Phillips,17782,1518.3893825216512,33.74198627825891,0.022222222222222223,5.0,28.11832189854931,0.0,32.13522502691325,0.0,44.0,101.0340909090909
701377,2020-08-01,Phillips,Arkansas,5107.0,273,6.0,107,Arkansas,Phillips,17782,1535.2603756607805,33.74198627825891,0.02197802197802198,3.0,16.87099313912927,0.0,24.904799395857783,0.0,43.0,103.38372093023256
701378,2020-08-02,Phillips,Arkansas,5107.0,282,6.0,107,Arkansas,Phillips,17782,1585.8733550781692,33.74198627825891,0.02127659574468085,9.0,50.612979417388715,0.0,25.70818002153066,0.0,40.0,111.1375
701379,2020-08-03,Phillips,Arkansas,5107.0,284,6.0,107,Arkansas,Phillips,17782,1597.1206838375883,33.74198627825891,0.02112676056338028,2.0,11.247328759419133,0.0,27.314941272876247,0.0,34.0,130.75
701380,2020-08-04,Phillips,Arkansas,5107.0,289,7.0,107,Arkansas,Phillips,17782,1625.2390057361379,39.36565065796873,0.02422145328719723,5.0,28.11832189854954,5.623664379709815,26.51156064720347,0.8033806256728308,39.0,113.98717948717947
701381,2020-08-05,Phillips,Arkansas,5107.0,298,7.0,107,Arkansas,Phillips,17782,1675.8519851535261,39.36565065796873,0.02348993288590604,9.0,50.61297941738826,0.0,30.52846377556759,0.8033806256728308,42.0,105.8452380952381
701382,2020-08-06,Phillips,Arkansas,5107.0,298,7.0,107,Arkansas,Phillips,17782,1675.8519851535261,39.36565065796873,0.02348993288590604,0.0,0.0,0.0,26.51156064720347,0.8033806256728308,38.0,116.98684210526316
701383,2020-08-07,Phillips,Arkansas,5107.0,303,7.0,107,Arkansas,Phillips,17782,1703.9703070520752,39.36565065796873,0.0231023102310231,5.0,28.118321898549084,0.0,26.511560647203435,0.8033806256728308,38.0,116.98684210526316
701384,2020-08-08,Phillips,Arkansas,5107.0,311,7.0,107,Arkansas,Phillips,17782,1748.9596220897536,39.36565065796873,0.022508038585209004,8.0,44.98931503767835,0.0,30.52846377556759,0.8033806256728308,41.0,108.42682926829268
701385,2020-08-09,Phillips,Arkansas,5107.0,318,8.0,107,Arkansas,Phillips,17782,1788.3252727477222,44.98931503767855,0.025157232704402517,7.0,39.36565065796867,5.6236643797098225,28.92170252422187,1.6067612513456626,45.0,98.78888888888888
701386,2020-08-10,Phillips,Arkansas,5107.0,325,9.0,107,Arkansas,Phillips,17782,1827.690923405691,50.61297941738837,0.027692307692307693,7.0,39.36565065796867,5.623664379709815,32.93860565258609,2.4101418770184933,43.0,103.38372093023256
701387,2020-08-11,Phillips,Arkansas,5107.0,329,9.0,107,Arkansas,Phillips,17782,1850.1855809245303,50.61297941738837,0.02735562310030395,4.0,22.494657518839404,0.0,32.13522502691321,1.6067612513456626,45.0,98.78888888888888
701388,2020-08-12,Phillips,Arkansas,5107.0,332,9.0,107,Arkansas,Phillips,17782,1867.0565740636598,50.61297941738837,0.02710843373493976,3.0,16.870993139129496,0.0,27.314941272876247,1.6067612513456626,43.0,103.38372093023256
701389,2020-08-13,Phillips,Arkansas,5107.0,334,9.0,107,Arkansas,Phillips,17782,1878.3039028230794,50.61297941738837,0.02694610778443114,2.0,11.247328759419588,0.0,28.921702524221903,1.6067612513456626,36.0,123.48611111111111
701390,2020-08-14,Phillips,Arkansas,5107.0,336,9.0,107,Arkansas,Phillips,17782,1889.551231582499,50.61297941738837,0.026785714285714284,2.0,11.247328759419588,0.0,26.511560647203403,1.6067612513456626,38.0,116.98684210526316
701391,2020-08-15,Phillips,Arkansas,5107.0,346,9.0,107,Arkansas,Phillips,17782,1945.7878753795974,50.61297941738837,0.02601156069364162,10.0,56.236643797098395,0.0,28.118321898549123,1.6067612513456626,43.0,103.38372093023256
701392,2020-08-16,Phillips,Arkansas,5107.0,349,9.0,107,Arkansas,Phillips,17782,1962.6588685187269,50.61297941738837,0.025787965616045846,3.0,16.870993139129496,0.0,24.904799395857815,0.8033806256728308,38.0,116.98684210526316
701393,2020-08-17,Phillips,Arkansas,5107.0,355,9.0,107,Arkansas,Phillips,17782,1996.4008547969859,50.61297941738837,0.02535211267605634,6.0,33.74198627825899,0.0,24.101418770185003,0.0,37.0,120.14864864864865
701394,2020-08-18,Phillips,Arkansas,5107.0,357,9.0,107,Arkansas,Phillips,17782,2007.6481835564052,50.61297941738837,0.025210084033613446,2.0,11.24732875941936,0.0,22.494657518839283,0.0,32.0,138.921875
701395,2020-08-19,Phillips,Arkansas,5107.0,360,9.0,107,Arkansas,Phillips,17782,2024.519176695535,50.61297941738837,0.025,3.0,16.870993139129723,0.0,22.494657518839315,0.0,31.0,143.40322580645162
701396,2020-08-20,Phillips,Arkansas,5107.0,366,9.0,107,Arkansas,Phillips,17782,2058.2611629737935,50.61297941738837,0.02459016393442623,6.0,33.74198627825854,0.0,25.70818002153059,0.0,34.0,130.75
701397,2020-08-21,Phillips,Arkansas,5107.0,370,9.0,107,Arkansas,Phillips,17782,2080.755820492633,50.61297941738837,0.024324324324324326,4.0,22.49465751883963,0.0,27.314941272876315,0.0,36.0,123.48611111111111
701398,2020-08-22,Phillips,Arkansas,5107.0,374,9.0,107,Arkansas,Phillips,17782,2103.2504780114723,50.61297941738837,0.02406417112299465,4.0,22.494657518839176,0.0,22.494657518839283,0.0,38.0,116.98684210526316
701399,2020-08-23,Phillips,Arkansas,5107.0,375,9.0,107,Arkansas,Phillips,17782,2108.874142391182,50.61297941738837,0.024,1.0,5.62366437970968,0.0,20.887896267493595,0.0,29.0,153.29310344827587
701400,2020-08-24,Phillips,Arkansas,5107.0,375,9.0,107,Arkansas,Phillips,17782,2108.874142391182,50.61297941738837,0.024,0.0,0.0,0.0,16.067612513456595,0.0,26.0,170.98076923076923
701401,2020-08-25,Phillips,Arkansas,5107.0,379,9.0,107,Arkansas,Phillips,17782,2131.368799910021,50.61297941738837,0.023746701846965697,4.0,22.494657518839176,0.0,17.674373764802283,0.0,24.0,185.22916666666669
701402,2020-08-26,Phillips,Arkansas,5107.0,385,9.0,107,Arkansas,Phillips,17782,2165.1107861882806,50.61297941738837,0.023376623376623377,6.0,33.741986278259446,0.0,20.084515641820815,0.0,28.0,158.76785714285714
701403,2020-08-27,Phillips,Arkansas,5107.0,393,9.0,107,Arkansas,Phillips,17782,2210.100101225959,50.61297941738837,0.022900763358778626,8.0,44.98931503767835,0.0,21.691276893166503,0.0,33.0,134.71212121212122
701404,2020-08-28,Phillips,Arkansas,5107.0,396,9.0,107,Arkansas,Phillips,17782,2226.971094365088,50.61297941738837,0.022727272727272728,3.0,16.87099313912904,0.0,20.887896267493563,0.0,30.0,148.18333333333334
701405,2020-08-29,Phillips,Arkansas,5107.0,397,9.0,107,Arkansas,Phillips,17782,2232.594758744798,50.61297941738837,0.022670025188916875,1.0,5.623664379710135,0.0,18.477754390475127,0.0,27.0,164.64814814814815
701406,2020-08-30,Phillips,Arkansas,5107.0,404,9.0,107,Arkansas,Phillips,17782,2271.960409402767,50.61297941738837,0.022277227722772276,7.0,39.36565065796867,0.0,23.298038144512127,0.0,30.0,148.18333333333334
701407,2020-08-31,Phillips,Arkansas,5107.0,405,9.0,107,Arkansas,Phillips,17782,2277.5840737824765,50.61297941738837,0.022222222222222223,1.0,5.62366437970968,0.0,24.10141877018494,0.0,30.0,148.18333333333334
701408,2020-09-01,Phillips,Arkansas,5107.0,407,10.0,107,Arkansas,Phillips,17782,2288.8314025418963,56.23664379709819,0.02457002457002457,2.0,11.247328759419815,5.6236643797098225,22.494657518839315,0.8033806256728317,32.0,138.921875
701409,2020-09-02,Phillips,Arkansas,5107.0,407,10.0,107,Arkansas,Phillips,17782,2288.8314025418963,56.23664379709819,0.02457002457002457,0.0,0.0,0.0,17.67437376480225,0.8033806256728317,28.0,158.76785714285714
701410,2020-09-03,Phillips,Arkansas,5107.0,409,10.0,107,Arkansas,Phillips,17782,2300.0787313013157,56.23664379709819,0.02444987775061125,2.0,11.24732875941936,0.0,12.854090010765251,0.8033806256728317,24.0,185.22916666666669
701411,2020-09-04,Phillips,Arkansas,5107.0,414,10.0,107,Arkansas,Phillips,17782,2328.197053199865,56.23664379709819,0.024154589371980676,5.0,28.11832189854931,0.0,14.460851262111005,0.8033806256728317,21.0,211.6904761904762
701412,2020-09-05,Phillips,Arkansas,5107.0,414,10.0,107,Arkansas,Phillips,17782,2328.197053199865,56.23664379709819,0.024154589371980676,0.0,0.0,0.0,13.657470636438129,0.8033806256728317,18.0,246.97222222222223
701413,2020-09-06,Phillips,Arkansas,5107.0,415,10.0,107,Arkansas,Phillips,17782,2333.820717579575,56.23664379709819,0.024096385542168676,1.0,5.623664379710135,0.0,8.837186882401195,0.8033806256728317,18.0,246.97222222222223
701414,2020-09-07,Phillips,Arkansas,5107.0,420,10.0,107,Arkansas,Phillips,17782,2361.939039478124,56.23664379709819,0.023809523809523808,5.0,28.118321898548857,0.0,12.050709385092505,0.8033806256728317,16.0,277.84375
701415,2020-09-08,Phillips,Arkansas,5107.0,422,10.0,107,Arkansas,Phillips,17782,2373.186368237544,56.23664379709819,0.023696682464454975,2.0,11.247328759419815,0.0,12.050709385092505,0.0,17.0,261.5
701416,2020-09-09,Phillips,Arkansas,5107.0,424,10.0,107,Arkansas,Phillips,17782,2384.433696996963,56.23664379709819,0.02358490566037736,2.0,11.24732875941936,0.0,13.657470636438129,0.0,17.0,261.5
701417,2020-09-10,Phillips,Arkansas,5107.0,424,10.0,107,Arkansas,Phillips,17782,2384.433696996963,56.23664379709819,0.02358490566037736,0.0,0.0,0.0,12.050709385092505,0.0,17.0,261.5
701418,2020-09-11,Phillips,Arkansas,5107.0,427,10.0,107,Arkansas,Phillips,17782,2401.3046901360926,56.23664379709819,0.0234192037470726,3.0,16.870993139129496,0.0,10.443948133746817,0.0,18.0,246.97222222222223
701419,2020-09-12,Phillips,Arkansas,5107.0,430,10.0,107,Arkansas,Phillips,17782,2418.175683275222,56.23664379709819,0.023255813953488372,3.0,16.870993139129496,0.0,12.854090010765317,0.0,16.0,277.84375
701420,2020-09-13,Phillips,Arkansas,5107.0,432,10.0,107,Arkansas,Phillips,17782,2429.4230120346415,56.23664379709819,0.023148148148148147,2.0,11.24732875941936,0.0,13.657470636438063,0.0,18.0,246.97222222222223
701421,2020-09-14,Phillips,Arkansas,5107.0,434,11.0,107,Arkansas,Phillips,17782,2440.6703407940613,61.860308176808005,0.02534562211981567,2.0,11.247328759419815,5.623664379709815,11.247328759419629,0.8033806256728308,19.0,233.97368421052633
701422,2020-09-15,Phillips,Arkansas,5107.0,437,11.0,107,Arkansas,Phillips,17782,2457.541333933191,61.860308176808005,0.02517162471395881,3.0,16.870993139129496,0.0,12.050709385092441,0.8033806256728308,17.0,261.5
701423,2020-09-16,Phillips,Arkansas,5107.0,442,11.0,107,Arkansas,Phillips,17782,2485.65965583174,61.860308176808005,0.024886877828054297,5.0,28.11832189854931,0.0,14.460851262111005,0.8033806256728308,20.0,222.275
701424,2020-09-17,Phillips,Arkansas,5107.0,444,11.0,107,Arkansas,Phillips,17782,2496.90698459116,61.860308176808005,0.024774774774774775,2.0,11.247328759419815,0.0,16.06761251345669,0.8033806256728308,20.0,222.275
701425,2020-09-18,Phillips,Arkansas,5107.0,445,11.0,107,Arkansas,Phillips,17782,2502.5306489708696,61.860308176808005,0.024719101123595506,1.0,5.62366437970968,0.0,14.460851262111005,0.8033806256728308,21.0,211.6904761904762
701426,2020-09-19,Phillips,Arkansas,5107.0,453,11.0,107,Arkansas,Phillips,17782,2547.519964008548,61.860308176808005,0.024282560706401765,8.0,44.98931503767835,0.0,18.477754390475127,0.8033806256728308,26.0,170.98076923076923
701427,2020-09-20,Phillips,Arkansas,5107.0,456,11.0,107,Arkansas,Phillips,17782,2564.3909571476775,61.860308176808005,0.02412280701754386,3.0,16.870993139129496,0.0,19.281135016148003,0.8033806256728308,26.0,170.98076923076923
701428,2020-09-21,Phillips,Arkansas,5107.0,460,11.0,107,Arkansas,Phillips,17782,2586.885614666517,61.860308176808005,0.02391304347826087,4.0,22.49465751883963,0.0,20.88789626749369,0.0,28.0,158.76785714285714
701429,2020-09-22,Phillips,Arkansas,5107.0,465,11.0,107,Arkansas,Phillips,17782,2615.003936565066,61.860308176808005,0.023655913978494623,5.0,28.118321898548857,0.0,22.494657518839315,0.0,31.0,143.40322580645162
701430,2020-09-23,Phillips,Arkansas,5107.0,470,11.0,107,Arkansas,Phillips,17782,2643.122258463615,61.860308176808005,0.023404255319148935,5.0,28.118321898548857,0.0,22.49465751883925,0.0,33.0,134.71212121212122
701431,2020-09-24,Phillips,Arkansas,5107.0,472,11.0,107,Arkansas,Phillips,17782,2654.3695872230346,61.860308176808005,0.023305084745762712,2.0,11.247328759419815,0.0,22.49465751883925,0.0,30.0,148.18333333333334
701432,2020-09-25,Phillips,Arkansas,5107.0,485,11.0,107,Arkansas,Phillips,17782,2727.477224159262,61.860308176808005,0.02268041237113402,13.0,73.10763693622721,0.0,32.13522502691318,0.0,41.0,108.42682926829268
701433,2020-09-26,Phillips,Arkansas,5107.0,490,12.0,107,Arkansas,Phillips,17782,2755.5955460578116,67.48397255651783,0.024489795918367346,5.0,28.118321898549766,5.6236643797098225,29.72508314989481,0.8033806256728317,45.0,98.78888888888888
701434,2020-09-27,Phillips,Arkansas,5107.0,494,12.0,107,Arkansas,Phillips,17782,2778.0902035766503,67.48397255651783,0.024291497975708502,4.0,22.49465751883872,0.0,30.52846377556756,0.8033806256728317,41.0,108.42682926829268
701435,2020-09-28,Phillips,Arkansas,5107.0,495,12.0,107,Arkansas,Phillips,17782,2783.7138679563604,67.48397255651783,0.024242424242424242,1.0,5.623664379710135,0.0,28.11832189854906,0.8033806256728317,39.0,113.98717948717947
701436,2020-09-29,Phillips,Arkansas,5107.0,509,12.0,107,Arkansas,Phillips,17782,2862.445169272298,67.48397255651783,0.023575638506876228,14.0,78.73130131593734,0.0,35.34874752960456,0.8033806256728317,49.0,90.72448979591836
701437,2020-09-30,Phillips,Arkansas,5107.0,515,12.0,107,Arkansas,Phillips,17782,2896.187155550557,67.48397255651783,0.02330097087378641,6.0,33.74198627825899,0.0,36.15212815527743,0.8033806256728317,50.0,88.91
701438,2020-10-01,Phillips,Arkansas,5107.0,529,13.0,107,Arkansas,Phillips,17782,2974.918456866494,73.10763693622765,0.024574669187145556,14.0,78.73130131593734,5.6236643797098225,45.79269566335137,1.6067612513456635,59.0,75.34745762711864
701439,2020-10-02,Phillips,Arkansas,5107.0,545,13.0,107,Arkansas,Phillips,17782,3064.8970869418513,73.10763693622765,0.023853211009174313,16.0,89.97863007535716,0.0,48.202837540369934,1.6067612513456635,73.0,60.8972602739726
701440,2020-10-03,Phillips,Arkansas,5107.0,548,13.0,107,Arkansas,Phillips,17782,3081.768080080981,73.10763693622765,0.023722627737226276,3.0,16.870993139129496,0.0,46.596076289024175,0.8033806256728317,63.0,70.56349206349206
701441,2020-10-04,Phillips,Arkansas,5107.0,550,13.0,107,Arkansas,Phillips,17782,3093.0154088404006,73.10763693622765,0.023636363636363636,2.0,11.247328759419815,0.0,44.98931503767862,0.8033806256728317,60.0,74.09166666666667
701442,2020-10-05,Phillips,Arkansas,5107.0,550,14.0,107,Arkansas,Phillips,17782,3093.0154088404006,78.73130131593746,0.025454545454545455,0.0,0.0,5.623664379709808,44.18593441200574,1.6067612513456615,56.0,79.38392857142857
701443,2020-10-06,Phillips,Arkansas,5107.0,558,15.0,107,Arkansas,Phillips,17782,3138.004723878079,84.35496569564728,0.026881720430107527,8.0,44.98931503767835,5.6236643797098225,39.36565065796874,2.4101418770184933,63.0,70.56349206349206
701444,2020-10-07,Phillips,Arkansas,5107.0,568,15.0,107,Arkansas,Phillips,17782,3194.2413676751767,84.35496569564728,0.02640845070422535,10.0,56.23664379709771,0.0,42.57917316065999,2.4101418770184933,59.0,75.34745762711864
701445,2020-10-08,Phillips,Arkansas,5107.0,588,15.0,107,Arkansas,Phillips,17782,3306.7146552693735,84.35496569564728,0.025510204081632654,20.0,112.47328759419679,0.0,47.399456914697055,1.6067612513456615,73.0,60.8972602739726
701446,2020-10-09,Phillips,Arkansas,5107.0,596,15.0,107,Arkansas,Phillips,17782,3351.7039703070523,84.35496569564728,0.025167785234899327,8.0,44.98931503767881,0.0,40.97241190931443,1.6067612513456615,67.0,66.35074626865672
701447,2020-10-10,Phillips,Arkansas,5107.0,613,15.0,107,Arkansas,Phillips,17782,3447.306264762119,84.35496569564728,0.024469820554649267,17.0,95.60229445506684,0.0,52.219740668734055,1.6067612513456615,68.0,65.375
701448,2020-10-11,Phillips,Arkansas,5107.0,619,15.0,107,Arkansas,Phillips,17782,3481.0482510403776,84.35496569564728,0.024232633279483037,6.0,33.74198627825854,0.0,55.4332631714253,1.6067612513456615,71.0,62.61267605633803
701449,2020-10-12,Phillips,Arkansas,5107.0,622,15.0,107,Arkansas,Phillips,17782,3497.919244179507,84.35496569564728,0.024115755627009645,3.0,16.870993139129496,0.0,57.8434050484438,0.8033806256728317,72.0,61.74305555555556
701450,2020-10-13,Phillips,Arkansas,5107.0,632,15.0,107,Arkansas,Phillips,17782,3554.1558879766053,84.35496569564728,0.023734177215189875,10.0,56.23664379709817,0.0,59.45016629978949,0.0,82.0,54.21341463414634
701451,2020-10-14,Phillips,Arkansas,5107.0,638,15.0,107,Arkansas,Phillips,17782,3587.8978742548647,84.35496569564728,0.023510971786833857,6.0,33.741986278259446,0.0,56.2366437970983,0.0,80.0,55.56875
701452,2020-10-15,Phillips,Arkansas,5107.0,661,15.0,107,Arkansas,Phillips,17782,3717.24215498819,84.35496569564728,0.0226928895612708,23.0,129.34428073332538,0.0,58.646785674116664,0.0,93.0,47.80107526881721
701453,2020-10-16,Phillips,Arkansas,5107.0,671,15.0,107,Arkansas,Phillips,17782,3773.4787987852883,84.35496569564728,0.022354694485842028,10.0,56.23664379709817,0.0,60.25354692546229,0.0,83.0,53.56024096385543
701454,2020-10-17,Phillips,Arkansas,5107.0,681,15.0,107,Arkansas,Phillips,17782,3829.715442582387,84.35496569564728,0.022026431718061675,10.0,56.23664379709862,0.0,54.629882545752544,0.0,85.0,52.3
701455,2020-10-18,Phillips,Arkansas,5107.0,682,15.0,107,Arkansas,Phillips,17782,3835.339106962096,84.35496569564728,0.021994134897360705,1.0,5.623664379709226,0.0,50.61297941738836,0.0,69.0,64.42753623188406
701456,2020-10-19,Phillips,Arkansas,5107.0,686,15.0,107,Arkansas,Phillips,17782,3857.8337644809358,84.35496569564728,0.021865889212827987,4.0,22.49465751883963,0.0,51.41636004306123,0.0,67.0,66.35074626865672
701457,2020-10-20,Phillips,Arkansas,5107.0,690,15.0,107,Arkansas,Phillips,17782,3880.328421999775,84.35496569564728,0.021739130434782608,4.0,22.494657518839176,0.0,46.59607628902423,0.0,68.0,65.375
701458,2020-10-21,Phillips,Arkansas,5107.0,699,15.0,107,Arkansas,Phillips,17782,3930.941401417164,84.35496569564728,0.02145922746781116,9.0,50.61297941738894,0.0,49.006218166042736,0.0,67.0,66.35074626865672
701459,2020-10-22,Phillips,Arkansas,5107.0,710,16.0,107,Arkansas,Phillips,17782,3992.8017095939717,89.9786300753571,0.022535211267605635,11.0,61.86030817680785,5.6236643797098225,39.3656506579688,0.8033806256728317,72.0,61.74305555555556
701460,2020-10-23,Phillips,Arkansas,5107.0,718,16.0,107,Arkansas,Phillips,17782,4037.7910246316496,89.9786300753571,0.022284122562674095,8.0,44.9893150376779,0.0,37.75888940662305,0.8033806256728317,57.0,77.99122807017544
701461,2020-10-24,Phillips,Arkansas,5107.0,726,16.0,107,Arkansas,Phillips,17782,4082.7803396693284,89.9786300753571,0.02203856749311295,8.0,44.98931503767881,0.0,36.15212815527736,0.8033806256728317,55.0,80.82727272727273
701462,2020-10-25,Phillips,Arkansas,5107.0,741,16.0,107,Arkansas,Phillips,17782,4167.135305364976,89.9786300753571,0.021592442645074223,15.0,84.35496569564793,0.0,47.399456914697176,0.8033806256728317,60.0,74.09166666666667
701463,2020-10-26,Phillips,Arkansas,5107.0,741,16.0,107,Arkansas,Phillips,17782,4167.135305364976,89.9786300753571,0.021592442645074223,0.0,0.0,0.0,44.1859344120058,0.8033806256728317,59.0,75.34745762711864
701464,2020-10-27,Phillips,Arkansas,5107.0,746,16.0,107,Arkansas,Phillips,17782,4195.253627263524,89.9786300753571,0.021447721179624665,5.0,28.118321898547947,0.0,44.98931503767848,0.8033806256728317,60.0,74.09166666666667
701465,2020-10-28,Phillips,Arkansas,5107.0,757,16.0,107,Arkansas,Phillips,17782,4257.113935440333,89.9786300753571,0.021136063408190225,11.0,61.86030817680876,0.0,46.59607628902417,0.8033806256728317,67.0,66.35074626865672
701466,2020-10-29,Phillips,Arkansas,5107.0,767,16.0,107,Arkansas,Phillips,17782,4313.350579237432,89.9786300753571,0.020860495436766623,10.0,56.23664379709862,0.0,45.792695663351424,0.0,68.0,65.375
701467,2020-10-30,Phillips,Arkansas,5107.0,772,16.0,107,Arkansas,Phillips,17782,4341.468901135981,89.9786300753571,0.02072538860103627,5.0,28.118321898548857,0.0,43.38255378633299,0.0,62.0,71.70161290322581
701468,2020-10-31,Phillips,Arkansas,5107.0,777,16.0,107,Arkansas,Phillips,17782,4369.587223034529,89.9786300753571,0.02059202059202059,5.0,28.118321898548857,0.0,40.972411909314424,0.0,59.0,75.34745762711864
701469,2020-11-01,Phillips,Arkansas,5107.0,781,16.0,107,Arkansas,Phillips,17782,4392.081880553369,89.9786300753571,0.020486555697823303,4.0,22.49465751883963,0.0,32.13522502691324,0.0,55.0,80.82727272727273
701470,2020-11-02,Phillips,Arkansas,5107.0,786,16.0,107,Arkansas,Phillips,17782,4420.200202451918,89.9786300753571,0.020356234096692113,5.0,28.118321898548857,0.0,36.15212815527736,0.0,45.0,98.78888888888888
701471,2020-11-03,Phillips,Arkansas,5107.0,792,16.0,107,Arkansas,Phillips,17782,4453.942188730176,89.9786300753571,0.020202020202020204,6.0,33.74198627825808,0.0,36.95550878095024,0.0,51.0,87.16666666666666
701472,2020-11-04,Phillips,Arkansas,5107.0,793,16.0,107,Arkansas,Phillips,17782,4459.565853109886,89.9786300753571,0.0201765447667087,1.0,5.623664379710135,0.0,28.921702524221864,0.0,47.0,94.58510638297872
701473,2020-11-05,Phillips,Arkansas,5107.0,795,16.0,107,Arkansas,Phillips,17782,4470.813181869306,89.9786300753571,0.02012578616352201,2.0,11.24732875942027,0.0,22.49465751883924,0.0,38.0,116.98684210526316
701474,2020-11-06,Phillips,Arkansas,5107.0,801,16.0,107,Arkansas,Phillips,17782,4504.555168147565,89.9786300753571,0.019975031210986267,6.0,33.74198627825899,0.0,23.298038144512116,0.0,34.0,130.75
701475,2020-11-07,Phillips,Arkansas,5107.0,807,16.0,107,Arkansas,Phillips,17782,4538.2971544258235,89.9786300753571,0.01982651796778191,6.0,33.74198627825808,0.0,24.101418770184864,0.0,35.0,127.0142857142857
701476,2020-11-08,Phillips,Arkansas,5107.0,807,16.0,107,Arkansas,Phillips,17782,4538.2971544258235,89.9786300753571,0.01982651796778191,0.0,0.0,0.0,20.88789626749349,0.0,30.0,148.18333333333334
701477,2020-11-09,Phillips,Arkansas,5107.0,809,16.0,107,Arkansas,Phillips,17782,4549.544483185244,89.9786300753571,0.019777503090234856,2.0,11.24732875942027,0.0,18.47775439047512,0.0,28.0,158.76785714285714
701478,2020-11-10,Phillips,Arkansas,5107.0,814,16.0,107,Arkansas,Phillips,17782,4577.662805083793,89.9786300753571,0.019656019656019656,5.0,28.118321898548857,0.0,17.67437376480237,0.0,28.0,158.76785714285714
701479,2020-11-11,Phillips,Arkansas,5107.0,818,16.0,107,Arkansas,Phillips,17782,4600.157462602631,89.9786300753571,0.019559902200488997,4.0,22.49465751883872,0.0,20.08451564182074,0.0,26.0,170.98076923076923
701480,2020-11-12,Phillips,Arkansas,5107.0,825,16.0,107,Arkansas,Phillips,17782,4639.5231132606,89.9786300753571,0.019393939393939394,7.0,39.36565065796913,0.0,24.101418770184864,0.0,32.0,138.921875
701481,2020-11-13,Phillips,Arkansas,5107.0,830,16.0,107,Arkansas,Phillips,17782,4667.64143515915,89.9786300753571,0.01927710843373494,5.0,28.118321898549766,0.0,23.298038144512116,0.0,35.0,127.0142857142857
701482,2020-11-14,Phillips,Arkansas,5107.0,834,16.0,107,Arkansas,Phillips,17782,4690.136092677989,89.9786300753571,0.019184652278177457,4.0,22.49465751883872,0.0,21.691276893166496,0.0,33.0,134.71212121212122
701483,2020-11-15,Phillips,Arkansas,5107.0,835,16.0,107,Arkansas,Phillips,17782,4695.759757057698,89.9786300753571,0.019161676646706587,1.0,5.623664379709226,0.0,22.49465751883924,0.0,28.0,158.76785714285714
701484,2020-11-16,Phillips,Arkansas,5107.0,840,16.0,107,Arkansas,Phillips,17782,4723.878078956248,89.9786300753571,0.01904761904761905,5.0,28.118321898549766,0.0,24.90479939585774,0.0,33.0,134.71212121212122
701485,2020-11-17,Phillips,Arkansas,5107.0,846,16.0,107,Arkansas,Phillips,17782,4757.620065234507,89.9786300753571,0.018912529550827423,6.0,33.74198627825899,0.0,25.708180021530616,0.0,37.0,120.14864864864865
701486,2020-11-18,Phillips,Arkansas,5107.0,851,16.0,107,Arkansas,Phillips,17782,4785.738387133056,89.9786300753571,0.01880141010575793,5.0,28.118321898548857,0.0,26.511560647203492,0.0,37.0,120.14864864864865
701487,2020-11-19,Phillips,Arkansas,5107.0,863,16.0,107,Arkansas,Phillips,17782,4853.222359689574,89.9786300753571,0.01853997682502897,12.0,67.48397255651798,0.0,30.528463775567616,0.0,45.0,98.78888888888888
701488,2020-11-20,Phillips,Arkansas,5107.0,874,16.0,107,Arkansas,Phillips,17782,4915.082667866382,89.9786300753571,0.018306636155606407,11.0,61.86030817680785,0.0,35.34874752960449,0.0,49.0,90.72448979591836
701489,2020-11-21,Phillips,Arkansas,5107.0,881,16.0,107,Arkansas,Phillips,17782,4954.44831852435,89.9786300753571,0.018161180476730987,7.0,39.36565065796822,0.0,37.758889406622984,0.0,51.0,87.16666666666666
701490,2020-11-22,Phillips,Arkansas,5107.0,885,16.0,107,Arkansas,Phillips,17782,4976.942976043189,89.9786300753571,0.01807909604519774,4.0,22.49465751883963,0.0,40.169031283641615,0.0,51.0,87.16666666666666
701491,2020-11-23,Phillips,Arkansas,5107.0,892,16.0,107,Arkansas,Phillips,17782,5016.308626701159,89.9786300753571,0.017937219730941704,7.0,39.36565065796913,0.0,41.77579253498724,0.0,57.0,77.99122807017544
701492,2020-11-24,Phillips,Arkansas,5107.0,910,17.0,107,Arkansas,Phillips,17782,5117.534585535935,95.60229445506693,0.01868131868131868,18.0,101.22595883477607,5.6236643797098225,51.416360043061104,0.8033806256728317,70.0,63.50714285714285
701493,2020-11-25,Phillips,Arkansas,5107.0,921,17.0,107,Arkansas,Phillips,17782,5179.394893712743,95.60229445506693,0.018458197611292075,11.0,61.86030817680876,0.0,56.23664379709823,0.8033806256728317,75.0,59.27333333333334
701494,2020-11-26,Phillips,Arkansas,5107.0,926,17.0,107,Arkansas,Phillips,17782,5207.513215611292,95.60229445506693,0.0183585313174946,5.0,28.118321898548857,0.0,50.61297941738836,0.8033806256728317,75.0,59.27333333333334
701495,2020-11-27,Phillips,Arkansas,5107.0,932,17.0,107,Arkansas,Phillips,17782,5241.255201889551,95.60229445506693,0.018240343347639486,6.0,33.74198627825899,0.0,46.59607628902423,0.8033806256728317,69.0,64.42753623188406
701496,2020-11-28,Phillips,Arkansas,5107.0,938,17.0,107,Arkansas,Phillips,17782,5274.99718816781,95.60229445506693,0.01812366737739872,6.0,33.74198627825899,0.0,45.79269566335149,0.8033806256728317,64.0,69.4609375
701497,2020-11-29,Phillips,Arkansas,5107.0,946,17.0,107,Arkansas,Phillips,17782,5319.986503205489,95.60229445506693,0.017970401691331923,8.0,44.98931503767835,0.0,49.006218166042736,0.8033806256728317,65.0,68.3923076923077
701498,2020-11-30,Phillips,Arkansas,5107.0,957,17.0,107,Arkansas,Phillips,17782,5381.846811382296,95.60229445506693,0.017763845350052248,11.0,61.86030817680785,0.0,52.219740668733984,0.8033806256728317,72.0,61.74305555555556
701499,2020-12-01,Phillips,Arkansas,5107.0,960,17.0,107,Arkansas,Phillips,17782,5398.717804521426,95.60229445506693,0.017708333333333333,3.0,16.870993139129496,0.0,40.169031283641615,0.0,68.0,65.375
701500,2020-12-02,Phillips,Arkansas,5107.0,968,17.0,107,Arkansas,Phillips,17782,5443.707119559104,95.60229445506693,0.01756198347107438,8.0,44.98931503767835,0.0,37.758889406622984,0.0,58.0,76.64655172413794
701501,2020-12-03,Phillips,Arkansas,5107.0,980,17.0,107,Arkansas,Phillips,17782,5511.191092115623,95.60229445506693,0.017346938775510204,12.0,67.48397255651889,0.0,43.38255378633299,0.0,59.0,75.34745762711864
701502,2020-12-04,Phillips,Arkansas,5107.0,995,17.0,107,Arkansas,Phillips,17782,5595.54605781127,95.60229445506693,0.017085427135678392,15.0,84.35496569564657,0.0,50.61297941738836,0.0,69.0,64.42753623188406
701503,2020-12-05,Phillips,Arkansas,5107.0,1005,17.0,107,Arkansas,Phillips,17782,5651.782701608368,95.60229445506693,0.01691542288557214,10.0,56.23664379709862,0.0,53.826501920079735,0.0,73.0,60.8972602739726
701504,2020-12-06,Phillips,Arkansas,5107.0,1013,17.0,107,Arkansas,Phillips,17782,5696.772016646047,95.60229445506693,0.01678183613030602,8.0,44.98931503767835,0.0,53.826501920079735,0.0,75.0,59.27333333333334
701505,2020-12-07,Phillips,Arkansas,5107.0,1016,17.0,107,Arkansas,Phillips,17782,5713.643009785176,95.60229445506693,0.01673228346456693,3.0,16.870993139129496,0.0,47.39945691469711,0.0,70.0,63.50714285714285
701506,2020-12-08,Phillips,Arkansas,5107.0,1022,17.0,107,Arkansas,Phillips,17782,5747.384996063435,95.60229445506693,0.016634050880626222,6.0,33.74198627825899,0.0,49.80959879171561,0.0,65.0,68.3923076923077
701507,2020-12-09,Phillips,Arkansas,5107.0,1030,17.0,107,Arkansas,Phillips,17782,5792.374311101114,95.60229445506693,0.01650485436893204,8.0,44.98931503767835,0.0,49.80959879171561,0.0,70.0,63.50714285714285
701508,2020-12-10,Phillips,Arkansas,5107.0,1040,17.0,107,Arkansas,Phillips,17782,5848.610954898212,95.60229445506693,0.016346153846153847,10.0,56.23664379709862,0.0,48.202837540369856,0.0,72.0,61.74305555555556
701509,2020-12-11,Phillips,Arkansas,5107.0,1047,17.0,107,Arkansas,Phillips,17782,5887.97660555618,95.60229445506693,0.01623686723973257,7.0,39.36565065796822,0.0,41.77579253498724,0.0,67.0,66.35074626865672
701510,2020-12-12,Phillips,Arkansas,5107.0,1068,17.0,107,Arkansas,Phillips,17782,6006.073557530087,95.60229445506693,0.015917602996254682,21.0,118.09695197390647,0.0,50.61297941738836,0.0,73.0,60.8972602739726
701511,2020-12-13,Phillips,Arkansas,5107.0,1075,17.0,107,Arkansas,Phillips,17782,6045.439208188055,95.60229445506693,0.01581395348837209,7.0,39.36565065796822,0.0,49.80959879171548,0.0,70.0,63.50714285714285
701512,2020-12-14,Phillips,Arkansas,5107.0,1081,17.0,107,Arkansas,Phillips,17782,6079.181194466314,95.60229445506693,0.01572617946345976,6.0,33.74198627825899,0.0,52.219740668733984,0.0,68.0,65.375
701513,2020-12-15,Phillips,Arkansas,5107.0,1085,17.0,107,Arkansas,Phillips,17782,6101.675851985154,95.60229445506693,0.01566820276497696,4.0,22.49465751883963,0.0,50.61297941738836,0.0,69.0,64.42753623188406
701514,2020-12-16,Phillips,Arkansas,5107.0,1089,18.0,107,Arkansas,Phillips,17782,6124.170509503992,101.22595883477673,0.01652892561983471,4.0,22.49465751883872,5.623664379709808,47.399456914696984,0.8033806256728298,67.0,66.35074626865672
701515,2020-12-17,Phillips,Arkansas,5107.0,1113,18.0,107,Arkansas,Phillips,17782,6259.138454617029,101.22595883477673,0.016172506738544475,24.0,134.96794511303688,0.0,58.646785674116735,0.8033806256728298,83.0,53.56024096385543
701516,2020-12-18,Phillips,Arkansas,5107.0,1126,18.0,107,Arkansas,Phillips,17782,6332.2460915532565,101.22595883477673,0.015985790408525755,13.0,73.10763693622721,0.0,63.46706942815373,0.8033806256728298,86.0,51.69186046511628
701517,2020-12-19,Phillips,Arkansas,5107.0,1163,19.0,107,Arkansas,Phillips,17782,6540.32167360252,106.84962321448656,0.01633705932932072,37.0,208.07558204926318,5.6236643797098225,76.32115943891897,1.6067612513456615,116.0,38.32327586206897
701518,2020-12-20,Phillips,Arkansas,5107.0,1177,19.0,107,Arkansas,Phillips,17782,6619.052974918457,106.84962321448656,0.016142735768903994,14.0,78.73130131593734,0.0,81.94482381862885,1.6067612513456615,109.0,40.78440366972477
701519,2020-12-21,Phillips,Arkansas,5107.0,1188,19.0,107,Arkansas,Phillips,17782,6680.913283095265,106.84962321448656,0.015993265993265993,11.0,61.86030817680785,0.0,85.96172694699297,1.6067612513456615,113.0,39.34070796460177
701520,2020-12-22,Phillips,Arkansas,5107.0,1195,20.0,107,Arkansas,Phillips,17782,6720.278933753233,112.47328759419638,0.016736401673640166,7.0,39.36565065796822,5.6236643797098225,88.37186882401134,2.4101418770184933,114.0,38.99561403508772
701521,2020-12-23,Phillips,Arkansas,5107.0,1205,20.0,107,Arkansas,Phillips,17782,6776.515577550332,112.47328759419638,0.016597510373443983,10.0,56.23664379709862,0.0,93.19215257804846,1.6067612513456635,120.0,37.045833333333334
701522,2020-12-24,Phillips,Arkansas,5107.0,1223,20.0,107,Arkansas,Phillips,17782,6877.741536385109,112.47328759419638,0.016353229762878167,18.0,101.22595883477697,0.0,88.37186882401134,1.6067612513456635,134.0,33.17537313432836
701523,2020-12-25,Phillips,Arkansas,5107.0,1233,21.0,107,Arkansas,Phillips,17782,6933.978180182207,118.09695197390619,0.0170316301703163,10.0,56.23664379709862,5.623664379709808,85.96172694699297,2.4101418770184933,120.0,37.045833333333334
701524,2020-12-26,Phillips,Arkansas,5107.0,1234,21.0,107,Arkansas,Phillips,17782,6939.6018445619175,118.09695197390619,0.017017828200972446,1.0,5.623664379710135,0.0,57.04002442277111,1.6067612513456615,108.0,41.16203703703704
701525,2020-12-27,Phillips,Arkansas,5107.0,1237,22.0,107,Arkansas,Phillips,17782,6956.472837701046,123.72061635361601,0.01778496362166532,3.0,16.870993139128586,5.6236643797098225,48.202837540369856,2.4101418770184933,74.0,60.07432432432432
701526,2020-12-28,Phillips,Arkansas,5107.0,1239,22.0,107,Arkansas,Phillips,17782,6967.720166460465,123.72061635361601,0.01775625504439064,2.0,11.24732875941936,0.0,40.97241190931436,2.4101418770184933,62.0,71.70161290322581
701527,2020-12-29,Phillips,Arkansas,5107.0,1248,24.0,107,Arkansas,Phillips,17782,7018.333145877855,134.96794511303565,0.019230769230769232,9.0,50.6129794173894,11.247328759419645,42.57917316066024,3.2135225026913252,60.0,74.09166666666667
701528,2020-12-30,Phillips,Arkansas,5107.0,1256,25.0,107,Arkansas,Phillips,17782,7063.322460915533,140.59160949274548,0.019904458598726114,8.0,44.98931503767835,5.6236643797098225,40.97241190931449,4.016903128364157,61.0,72.87704918032787
701529,2020-12-31,Phillips,Arkansas,5107.0,1264,25.0,107,Arkansas,Phillips,17782,7108.311775953211,140.59160949274548,0.01977848101265823,8.0,44.98931503767744,0.0,32.938605652585984,4.016903128364157,59.0,75.34745762711864
701530,2021-01-01,Phillips,Arkansas,5107.0,1272,25.0,107,Arkansas,Phillips,17782,7153.301090990889,140.59160949274548,0.019654088050314465,8.0,44.98931503767835,0.0,31.331844401240232,3.213522502691327,49.0,90.72448979591836
701531,2021-01-02,Phillips,Arkansas,5107.0,1281,25.0,107,Arkansas,Phillips,17782,7203.914070408278,140.59160949274548,0.0195160031225605,9.0,50.6129794173894,0.0,37.758889406622984,3.213522502691327,48.0,92.61458333333334
701532,2021-01-03,Phillips,Arkansas,5107.0,1296,25.0,107,Arkansas,Phillips,17782,7288.269036103926,140.59160949274548,0.019290123456790122,15.0,84.35496569564748,0.0,47.39945691469711,2.4101418770184955,62.0,71.70161290322581
701533,2021-01-04,Phillips,Arkansas,5107.0,1296,25.0,107,Arkansas,Phillips,17782,7288.269036103926,140.59160949274548,0.019290123456790122,0.0,0.0,0.0,45.79269566335149,2.4101418770184955,59.0,75.34745762711864
701534,2021-01-05,Phillips,Arkansas,5107.0,1299,25.0,107,Arkansas,Phillips,17782,7305.140029243055,140.59160949274548,0.01924557351809084,3.0,16.870993139129496,0.0,40.97241190931436,0.8033806256728317,60.0,74.09166666666667
701535,2021-01-06,Phillips,Arkansas,5107.0,1330,25.0,107,Arkansas,Phillips,17782,7479.473625014059,140.59160949274548,0.018796992481203006,31.0,174.33359577100327,0.0,59.45016629978935,0.0,82.0,54.21341463414634
701536,2021-01-07,Phillips,Arkansas,5107.0,1362,25.0,107,Arkansas,Phillips,17782,7659.430885164774,140.59160949274548,0.018355359765051395,32.0,179.95726015071523,0.0,78.7313013159376,0.0,106.0,41.93867924528302
701537,2021-01-08,Phillips,Arkansas,5107.0,1368,25.0,107,Arkansas,Phillips,17782,7693.172871443033,140.59160949274548,0.01827485380116959,6.0,33.74198627825899,0.0,77.12454006459198,0.0,104.0,42.74519230769231
701538,2021-01-09,Phillips,Arkansas,5107.0,1388,25.0,107,Arkansas,Phillips,17782,7805.646159037228,140.59160949274548,0.018011527377521614,20.0,112.47328759419543,0.0,85.96172694699284,0.0,116.0,38.32327586206897
701539,2021-01-10,Phillips,Arkansas,5107.0,1396,26.0,107,Arkansas,Phillips,17782,7850.6354740749075,146.2152738724553,0.01862464183381089,8.0,44.98931503767926,5.6236643797098225,80.3380625672831,0.8033806256728317,115.0,38.65652173913043
701540,2021-01-11,Phillips,Arkansas,5107.0,1404,27.0,107,Arkansas,Phillips,17782,7895.624789112586,151.8389382521651,0.019230769230769232,8.0,44.98931503767835,5.623664379709794,86.76510757266571,1.6067612513456595,108.0,41.16203703703704
